"Date2","Month","Year","HBT","HBName","NumberOfAttendancesAggregate","NumberMeetingTargetAggregate","NumberNotOnTarget","PercentageOnTarget","PercentageNotOnTarget","Seen within target","Waiting over 4 hrs"
2007-07-01,"Jul","2007","S92000003","Scotland",132240,127790,4450,96.6,3.4,127790,4450
2007-08-01,"Aug","2007","S92000003","Scotland",135386,130429,4957,96.3,3.7,130429,4957
2007-09-01,"Sep","2007","S92000003","Scotland",130802,126515,4287,96.7,3.3,126515,4287
2007-10-01,"Oct","2007","S92000003","Scotland",129964,126185,3779,97.1,2.9,126185,3779
2007-11-01,"Nov","2007","S92000003","Scotland",121783,118877,2906,97.6,2.4,118877,2906
2007-12-01,"Dec","2007","S92000003","Scotland",122372,119696,2676,97.8,2.2,119696,2676
2008-01-01,"Jan","2008","S92000003","Scotland",120694,117584,3110,97.4,2.6,117584,3110
2008-02-01,"Feb","2008","S92000003","Scotland",118492,116025,2467,97.9,2.1,116025,2467
2008-03-01,"Mar","2008","S92000003","Scotland",133990,130600,3390,97.5,2.5,130600,3390
2008-04-01,"Apr","2008","S92000003","Scotland",127838,124911,2927,97.7,2.3,124911,2927
2008-05-01,"May","2008","S92000003","Scotland",143424,140726,2698,98.1,1.9,140726,2698
2008-06-01,"Jun","2008","S92000003","Scotland",135753,133302,2451,98.2,1.8,133302,2451
2008-07-01,"Jul","2008","S92000003","Scotland",133296,131332,1964,98.5,1.5,131332,1964
2008-08-01,"Aug","2008","S92000003","Scotland",136538,133541,2997,97.8,2.2,133541,2997
2008-09-01,"Sep","2008","S92000003","Scotland",132190,129769,2421,98.2,1.8,129769,2421
2008-10-01,"Oct","2008","S92000003","Scotland",125891,123518,2373,98.1,1.9,123518,2373
2008-11-01,"Nov","2008","S92000003","Scotland",125087,122181,2906,97.7,2.3,122181,2906
2008-12-01,"Dec","2008","S92000003","Scotland",128388,124066,4322,96.6,3.4,124066,4322
2009-01-01,"Jan","2009","S92000003","Scotland",124098,119733,4365,96.5,3.5,119733,4365
2009-02-01,"Feb","2009","S92000003","Scotland",117678,114515,3163,97.3,2.7,114515,3163
2009-03-01,"Mar","2009","S92000003","Scotland",140399,137186,3213,97.7,2.3,137186,3213
2009-04-01,"Apr","2009","S92000003","Scotland",138603,134877,3726,97.3,2.7,134877,3726
2009-05-01,"May","2009","S92000003","Scotland",143306,140183,3123,97.8,2.2,140183,3123
2009-06-01,"Jun","2009","S92000003","Scotland",142412,139469,2943,97.9,2.1,139469,2943
2009-07-01,"Jul","2009","S92000003","Scotland",139389,136898,2491,98.2,1.8,136898,2491
2009-08-01,"Aug","2009","S92000003","Scotland",139715,136956,2759,98,2,136956,2759
2009-09-01,"Sep","2009","S92000003","Scotland",137165,134367,2798,98,2,134367,2798
2009-10-01,"Oct","2009","S92000003","Scotland",133998,130535,3463,97.4,2.6,130535,3463
2009-11-01,"Nov","2009","S92000003","Scotland",129960,126586,3374,97.4,2.6,126586,3374
2009-12-01,"Dec","2009","S92000003","Scotland",129590,125930,3660,97.2,2.8,125930,3660
2010-01-01,"Jan","2010","S92000003","Scotland",125801,120761,5040,96,4,120761,5040
2010-02-01,"Feb","2010","S92000003","Scotland",116544,112339,4205,96.4,3.6,112339,4205
2010-03-01,"Mar","2010","S92000003","Scotland",137695,132872,4823,96.5,3.5,132872,4823
2010-04-01,"Apr","2010","S92000003","Scotland",136503,132599,3904,97.1,2.9,132599,3904
2010-05-01,"May","2010","S92000003","Scotland",149530,145396,4134,97.2,2.8,145396,4134
2010-06-01,"Jun","2010","S92000003","Scotland",142942,139223,3719,97.4,2.6,139223,3719
2010-07-01,"Jul","2010","S92000003","Scotland",134582,131705,2877,97.9,2.1,131705,2877
2010-08-01,"Aug","2010","S92000003","Scotland",144353,139965,4388,97,3,139965,4388
2010-09-01,"Sep","2010","S92000003","Scotland",136630,132689,3941,97.1,2.9,132689,3941
2010-10-01,"Oct","2010","S92000003","Scotland",131897,127627,4270,96.8,3.2,127627,4270
2010-11-01,"Nov","2010","S92000003","Scotland",123019,118268,4751,96.1,3.9,118268,4751
2010-12-01,"Dec","2010","S92000003","Scotland",121774,115481,6293,94.8,5.2,115481,6293
2011-01-01,"Jan","2011","S92000003","Scotland",133691,125204,8487,93.7,6.3,125204,8487
2011-02-01,"Feb","2011","S92000003","Scotland",119639,113615,6024,95,5,113615,6024
2011-03-01,"Mar","2011","S92000003","Scotland",137990,131568,6422,95.3,4.7,131568,6422
2011-04-01,"Apr","2011","S92000003","Scotland",139320,133584,5736,95.9,4.1,133584,5736
2011-05-01,"May","2011","S92000003","Scotland",143310,137497,5813,95.9,4.1,137497,5813
2011-06-01,"Jun","2011","S92000003","Scotland",137053,131564,5489,96,4,131564,5489
2011-07-01,"Jul","2011","S92000003","Scotland",140899,136867,4032,97.1,2.9,136867,4032
2011-08-01,"Aug","2011","S92000003","Scotland",140077,135861,4216,97,3,135861,4216
2011-09-01,"Sep","2011","S92000003","Scotland",138561,132973,5588,96,4,132973,5588
2011-10-01,"Oct","2011","S92000003","Scotland",134329,128811,5518,95.9,4.1,128811,5518
2011-11-01,"Nov","2011","S92000003","Scotland",127389,122633,4756,96.3,3.7,122633,4756
2011-12-01,"Dec","2011","S92000003","Scotland",129251,122459,6792,94.7,5.3,122459,6792
2012-01-01,"Jan","2012","S92000003","Scotland",129030,121724,7306,94.3,5.7,121724,7306
2012-02-01,"Feb","2012","S92000003","Scotland",127012,119952,7060,94.4,5.6,119952,7060
2012-03-01,"Mar","2012","S92000003","Scotland",147675,140844,6831,95.4,4.6,140844,6831
2012-04-01,"Apr","2012","S92000003","Scotland",137337,129424,7913,94.2,5.8,129424,7913
2012-05-01,"May","2012","S92000003","Scotland",148147,140241,7906,94.7,5.3,140241,7906
2012-06-01,"Jun","2012","S92000003","Scotland",138851,132030,6821,95.1,4.9,132030,6821
2012-07-01,"Jul","2012","S92000003","Scotland",135507,130353,5154,96.2,3.8,130353,5154
2012-08-01,"Aug","2012","S92000003","Scotland",144935,138350,6585,95.5,4.5,138350,6585
2012-09-01,"Sep","2012","S92000003","Scotland",139143,132150,6993,95,5,132150,6993
2012-10-01,"Oct","2012","S92000003","Scotland",133424,125941,7483,94.4,5.6,125941,7483
2012-11-01,"Nov","2012","S92000003","Scotland",128396,120004,8392,93.5,6.5,120004,8392
2012-12-01,"Dec","2012","S92000003","Scotland",132453,119583,12870,90.3,9.7,119583,12870
2013-01-01,"Jan","2013","S92000003","Scotland",125688,112697,12991,89.7,10.3,112697,12991
2013-02-01,"Feb","2013","S92000003","Scotland",120693,110919,9774,91.9,8.1,110919,9774
2013-03-01,"Mar","2013","S92000003","Scotland",133854,122976,10878,91.9,8.1,122976,10878
2013-04-01,"Apr","2013","S92000003","Scotland",135542,124179,11363,91.6,8.4,124179,11363
2013-05-01,"May","2013","S92000003","Scotland",142038,134331,7707,94.6,5.4,134331,7707
2013-06-01,"Jun","2013","S92000003","Scotland",139902,132350,7552,94.6,5.4,132350,7552
2013-07-01,"Jul","2013","S92000003","Scotland",145315,139316,5999,95.9,4.1,139316,5999
2013-08-01,"Aug","2013","S92000003","Scotland",144108,137103,7005,95.1,4.9,137103,7005
2013-09-01,"Sep","2013","S92000003","Scotland",136658,129586,7072,94.8,5.2,129586,7072
2013-10-01,"Oct","2013","S92000003","Scotland",132050,124004,8046,93.9,6.1,124004,8046
2013-11-01,"Nov","2013","S92000003","Scotland",125817,119189,6628,94.7,5.3,119189,6628
2013-12-01,"Dec","2013","S92000003","Scotland",126791,118504,8287,93.5,6.5,118504,8287
2014-01-01,"Jan","2014","S92000003","Scotland",128785,118754,10031,92.2,7.8,118754,10031
2014-02-01,"Feb","2014","S92000003","Scotland",122556,112549,10007,91.8,8.2,112549,10007
2014-03-01,"Mar","2014","S92000003","Scotland",141895,132458,9437,93.3,6.7,132458,9437
2014-04-01,"Apr","2014","S92000003","Scotland",137430,127777,9653,93,7,127777,9653
2014-05-01,"May","2014","S92000003","Scotland",146675,136030,10645,92.7,7.3,136030,10645
2014-06-01,"Jun","2014","S92000003","Scotland",144812,136118,8694,94,6,136118,8694
2014-07-01,"Jul","2014","S92000003","Scotland",144201,136350,7851,94.6,5.4,136350,7851
2014-08-01,"Aug","2014","S92000003","Scotland",141962,132256,9706,93.2,6.8,132256,9706
2014-09-01,"Sep","2014","S92000003","Scotland",142542,133277,9265,93.5,6.5,133277,9265
2014-10-01,"Oct","2014","S92000003","Scotland",133463,122554,10909,91.8,8.2,122554,10909
2014-11-01,"Nov","2014","S92000003","Scotland",130941,120198,10743,91.8,8.2,120198,10743
2014-12-01,"Dec","2014","S92000003","Scotland",129255,116178,13077,89.9,10.1,116178,13077
2015-01-01,"Jan","2015","S92000003","Scotland",129208,112584,16624,87.1,12.9,112584,16624
2015-02-01,"Feb","2015","S92000003","Scotland",121271,106656,14615,87.9,12.1,106656,14615
2015-03-01,"Mar","2015","S92000003","Scotland",137560,126794,10766,92.2,7.8,126794,10766
2015-04-01,"Apr","2015","S92000003","Scotland",134698,125031,9667,92.8,7.2,125031,9667
2015-05-01,"May","2015","S92000003","Scotland",138066,129073,8993,93.5,6.5,129073,8993
2015-06-01,"Jun","2015","S92000003","Scotland",134742,127103,7639,94.3,5.7,127103,7639
2015-07-01,"Jul","2015","S92000003","Scotland",131922,126432,5490,95.8,4.2,126432,5490
2015-08-01,"Aug","2015","S92000003","Scotland",142075,135291,6784,95.2,4.8,135291,6784
2015-09-01,"Sep","2015","S92000003","Scotland",137067,130784,6283,95.4,4.6,130784,6283
2015-10-01,"Oct","2015","S92000003","Scotland",133015,125910,7105,94.7,5.3,125910,7105
2015-11-01,"Nov","2015","S92000003","Scotland",127523,121008,6515,94.9,5.1,121008,6515
2015-12-01,"Dec","2015","S92000003","Scotland",125196,118845,6351,94.9,5.1,118845,6351
2016-01-01,"Jan","2016","S92000003","Scotland",129520,118900,10620,91.8,8.2,118900,10620
2016-02-01,"Feb","2016","S92000003","Scotland",127812,118799,9013,92.9,7.1,118799,9013
2016-03-01,"Mar","2016","S92000003","Scotland",144912,134873,10039,93.1,6.9,134873,10039
2016-04-01,"Apr","2016","S92000003","Scotland",131751,125275,6476,95.1,4.9,125275,6476
2016-05-01,"May","2016","S92000003","Scotland",148514,140309,8205,94.5,5.5,140309,8205
2016-06-01,"Jun","2016","S92000003","Scotland",139288,133287,6001,95.7,4.3,133287,6001
2016-07-01,"Jul","2016","S92000003","Scotland",135521,129768,5753,95.8,4.2,129768,5753
2016-08-01,"Aug","2016","S92000003","Scotland",142939,135440,7499,94.8,5.2,135440,7499
2016-09-01,"Sep","2016","S92000003","Scotland",141105,133843,7262,94.9,5.1,133843,7262
2016-10-01,"Oct","2016","S92000003","Scotland",136742,128433,8309,93.9,6.1,128433,8309
2016-11-01,"Nov","2016","S92000003","Scotland",129227,120907,8320,93.6,6.4,120907,8320
2016-12-01,"Dec","2016","S92000003","Scotland",130839,121173,9666,92.6,7.4,121173,9666
2017-01-01,"Jan","2017","S92000003","Scotland",128643,118159,10484,91.9,8.1,118159,10484
2017-02-01,"Feb","2017","S92000003","Scotland",118792,109931,8861,92.5,7.5,109931,8861
2017-03-01,"Mar","2017","S92000003","Scotland",138807,130204,8603,93.8,6.2,130204,8603
2017-04-01,"Apr","2017","S92000003","Scotland",136073,127062,9011,93.4,6.6,127062,9011
2017-05-01,"May","2017","S92000003","Scotland",150419,141328,9091,94,6,141328,9091
2017-06-01,"Jun","2017","S92000003","Scotland",138801,132488,6313,95.5,4.5,132488,6313
2017-07-01,"Jul","2017","S92000003","Scotland",137627,131768,5859,95.7,4.3,131768,5859
2017-08-01,"Aug","2017","S92000003","Scotland",141348,134342,7006,95,5,134342,7006
2017-09-01,"Sep","2017","S92000003","Scotland",140935,131761,9174,93.5,6.5,131761,9174
2017-10-01,"Oct","2017","S92000003","Scotland",137829,130153,7676,94.4,5.6,130153,7676
2017-11-01,"Nov","2017","S92000003","Scotland",132214,123329,8885,93.3,6.7,123329,8885
2017-12-01,"Dec","2017","S92000003","Scotland",141978,120761,21217,85.1,14.9,120761,21217
2018-01-01,"Jan","2018","S92000003","Scotland",129041,112473,16568,87.2,12.8,112473,16568
2018-02-01,"Feb","2018","S92000003","Scotland",121666,109921,11745,90.3,9.7,109921,11745
2018-03-01,"Mar","2018","S92000003","Scotland",137805,121197,16608,87.9,12.1,121197,16608
2018-04-01,"Apr","2018","S92000003","Scotland",137763,123972,13791,90,10,123972,13791
2018-05-01,"May","2018","S92000003","Scotland",153083,142450,10633,93.1,6.9,142450,10633
2018-06-01,"Jun","2018","S92000003","Scotland",146639,136092,10547,92.8,7.2,136092,10547
2018-07-01,"Jul","2018","S92000003","Scotland",145641,135463,10178,93,7,135463,10178
2018-08-01,"Aug","2018","S92000003","Scotland",144878,133263,11615,92,8,133263,11615
2018-09-01,"Sep","2018","S92000003","Scotland",140596,127807,12789,90.9,9.1,127807,12789
2018-10-01,"Oct","2018","S92000003","Scotland",138165,127422,10743,92.2,7.8,127422,10743
2018-11-01,"Nov","2018","S92000003","Scotland",135395,123568,11827,91.3,8.7,123568,11827
2018-12-01,"Dec","2018","S92000003","Scotland",138127,123718,14409,89.6,10.4,123718,14409
2019-01-01,"Jan","2019","S92000003","Scotland",138885,123272,15613,88.8,11.2,123272,15613
2019-02-01,"Feb","2019","S92000003","Scotland",130047,116161,13886,89.3,10.7,116161,13886
2019-03-01,"Mar","2019","S92000003","Scotland",144564,132026,12538,91.3,8.7,132026,12538
2019-04-01,"Apr","2019","S92000003","Scotland",145340,130697,14643,89.9,10.1,130697,14643
2019-05-01,"May","2019","S92000003","Scotland",150714,136703,14011,90.7,9.3,136703,14011
2019-06-01,"Jun","2019","S92000003","Scotland",147627,133349,14278,90.3,9.7,133349,14278
2019-07-01,"Jul","2019","S92000003","Scotland",150701,137449,13252,91.2,8.8,137449,13252
2019-08-01,"Aug","2019","S92000003","Scotland",152514,138142,14372,90.6,9.4,138142,14372
2019-09-01,"Sep","2019","S92000003","Scotland",150908,134721,16187,89.3,10.7,134721,16187
2019-10-01,"Oct","2019","S92000003","Scotland",146068,128145,17923,87.7,12.3,128145,17923
2019-11-01,"Nov","2019","S92000003","Scotland",141973,121432,20541,85.5,14.5,121432,20541
2019-12-01,"Dec","2019","S92000003","Scotland",141418,118547,22871,83.8,16.2,118547,22871
2020-01-01,"Jan","2020","S92000003","Scotland",138725,119441,19284,86.1,13.9,119441,19284
2020-02-01,"Feb","2020","S92000003","Scotland",128341,111739,16602,87.1,12.9,111739,16602
2020-03-01,"Mar","2020","S92000003","Scotland",101225,90339,10886,89.2,10.8,90339,10886
2020-04-01,"Apr","2020","S92000003","Scotland",65117,61776,3341,94.9,5.1,61776,3341
2020-05-01,"May","2020","S92000003","Scotland",88614,84820,3794,95.7,4.3,84820,3794
2020-06-01,"Jun","2020","S92000003","Scotland",101231,96776,4455,95.6,4.4,96776,4455
2020-07-01,"Jul","2020","S92000003","Scotland",112185,106690,5495,95.1,4.9,106690,5495
2020-08-01,"Aug","2020","S92000003","Scotland",122741,114084,8657,92.9,7.1,114084,8657
2020-09-01,"Sep","2020","S92000003","Scotland",116230,107072,9158,92.1,7.9,107072,9158
2020-10-01,"Oct","2020","S92000003","Scotland",107406,96220,11186,89.6,10.4,96220,11186
2020-11-01,"Nov","2020","S92000003","Scotland",99798,89593,10205,89.8,10.2,89593,10205
2020-12-01,"Dec","2020","S92000003","Scotland",93444,80653,12791,86.3,13.7,80653,12791
2021-01-01,"Jan","2021","S92000003","Scotland",85480,73489,11991,86,14,73489,11991
2021-02-01,"Feb","2021","S92000003","Scotland",80423,69274,11149,86.1,13.9,69274,11149
2021-03-01,"Mar","2021","S92000003","Scotland",103936,91987,11949,88.5,11.5,91987,11949
2021-04-01,"Apr","2021","S92000003","Scotland",115589,102539,13050,88.7,11.3,102539,13050
2021-05-01,"May","2021","S92000003","Scotland",129465,112831,16634,87.2,12.8,112831,16634
2021-06-01,"Jun","2021","S92000003","Scotland",136888,116438,20450,85.1,14.9,116438,20450
2021-07-01,"Jul","2021","S92000003","Scotland",132618,108116,24502,81.5,18.5,108116,24502
2021-08-01,"Aug","2021","S92000003","Scotland",136253,106051,30202,77.8,22.2,106051,30202
2021-09-01,"Sep","2021","S92000003","Scotland",131568,100150,31418,76.1,23.9,100150,31418
2021-10-01,"Oct","2021","S92000003","Scotland",124335,91355,32980,73.5,26.5,91355,32980
2021-11-01,"Nov","2021","S92000003","Scotland",118818,90198,28620,75.9,24.1,90198,28620
2021-12-01,"Dec","2021","S92000003","Scotland",111019,84002,27017,75.7,24.3,84002,27017
2022-01-01,"Jan","2022","S92000003","Scotland",110704,84131,26573,76,24,84131,26573
2022-02-01,"Feb","2022","S92000003","Scotland",110284,81817,28467,74.2,25.8,81817,28467
2022-03-01,"Mar","2022","S92000003","Scotland",130322,93266,37056,71.6,28.4,93266,37056
2022-04-01,"Apr","2022","S92000003","Scotland",122640,88472,34168,72.1,27.9,88472,34168
2007-07-01,"Jul","2007","S08000015","NHS Ayrshire and Arran",9288,8989,299,96.8,3.2,8989,299
2007-07-01,"Jul","2007","S08000016","NHS Borders",2066,2047,19,99.1,0.9,2047,19
2007-07-01,"Jul","2007","S08000017","NHS Dumfries and Galloway",4420,4290,130,97.1,2.9,4290,130
2007-07-01,"Jul","2007","S08000019","NHS Forth Valley",5967,5771,196,96.7,3.3,5771,196
2007-07-01,"Jul","2007","S08000020","NHS Grampian",12082,11845,237,98,2,11845,237
2007-07-01,"Jul","2007","S08000022","NHS Highland",8464,8348,116,98.6,1.4,8348,116
2007-07-01,"Jul","2007","S08000024","NHS Lothian",18228,17313,915,95,5,17313,915
2007-07-01,"Jul","2007","S08000025","NHS Orkney",225,225,0,100,0,225,0
2007-07-01,"Jul","2007","S08000026","NHS Shetland",802,791,11,98.6,1.4,791,11
2007-07-01,"Jul","2007","S08000028","NHS Western Isles",968,954,14,98.6,1.4,954,14
2007-07-01,"Jul","2007","S08000029","NHS Fife",8006,7729,277,96.5,3.5,7729,277
2007-07-01,"Jul","2007","S08000030","NHS Tayside",8416,8385,31,99.6,0.4,8385,31
2007-07-01,"Jul","2007","S08000031","NHS Greater Glasgow and Clyde",37215,35708,1507,96,4,35708,1507
2007-07-01,"Jul","2007","S08000032","NHS Lanarkshire",16093,15395,698,95.7,4.3,15395,698
2007-08-01,"Aug","2007","S08000015","NHS Ayrshire and Arran",9564,9247,317,96.7,3.3,9247,317
2007-08-01,"Aug","2007","S08000016","NHS Borders",2275,2263,12,99.5,0.5,2263,12
2007-08-01,"Aug","2007","S08000017","NHS Dumfries and Galloway",4520,4392,128,97.2,2.8,4392,128
2007-08-01,"Aug","2007","S08000019","NHS Forth Valley",6242,5925,317,94.9,5.1,5925,317
2007-08-01,"Aug","2007","S08000020","NHS Grampian",12196,11907,289,97.6,2.4,11907,289
2007-08-01,"Aug","2007","S08000022","NHS Highland",8835,8690,145,98.4,1.6,8690,145
2007-08-01,"Aug","2007","S08000024","NHS Lothian",19356,18163,1193,93.8,6.2,18163,1193
2007-08-01,"Aug","2007","S08000025","NHS Orkney",237,237,0,100,0,237,0
2007-08-01,"Aug","2007","S08000026","NHS Shetland",745,727,18,97.6,2.4,727,18
2007-08-01,"Aug","2007","S08000028","NHS Western Isles",915,889,26,97.2,2.8,889,26
2007-08-01,"Aug","2007","S08000029","NHS Fife",7790,7550,240,96.9,3.1,7550,240
2007-08-01,"Aug","2007","S08000030","NHS Tayside",8184,8130,54,99.3,0.7,8130,54
2007-08-01,"Aug","2007","S08000031","NHS Greater Glasgow and Clyde",38074,36249,1825,95.2,4.8,36249,1825
2007-08-01,"Aug","2007","S08000032","NHS Lanarkshire",16453,16060,393,97.6,2.4,16060,393
2007-09-01,"Sep","2007","S08000015","NHS Ayrshire and Arran",9020,8834,186,97.9,2.1,8834,186
2007-09-01,"Sep","2007","S08000016","NHS Borders",2271,2259,12,99.5,0.5,2259,12
2007-09-01,"Sep","2007","S08000017","NHS Dumfries and Galloway",4151,4059,92,97.8,2.2,4059,92
2007-09-01,"Sep","2007","S08000019","NHS Forth Valley",6114,5820,294,95.2,4.8,5820,294
2007-09-01,"Sep","2007","S08000020","NHS Grampian",12123,11780,343,97.2,2.8,11780,343
2007-09-01,"Sep","2007","S08000022","NHS Highland",7628,7530,98,98.7,1.3,7530,98
2007-09-01,"Sep","2007","S08000024","NHS Lothian",18789,17831,958,94.9,5.1,17831,958
2007-09-01,"Sep","2007","S08000025","NHS Orkney",242,242,0,100,0,242,0
2007-09-01,"Sep","2007","S08000026","NHS Shetland",713,691,22,96.9,3.1,691,22
2007-09-01,"Sep","2007","S08000028","NHS Western Isles",811,786,25,96.9,3.1,786,25
2007-09-01,"Sep","2007","S08000029","NHS Fife",7686,7390,296,96.1,3.9,7390,296
2007-09-01,"Sep","2007","S08000030","NHS Tayside",8238,8184,54,99.3,0.7,8184,54
2007-09-01,"Sep","2007","S08000031","NHS Greater Glasgow and Clyde",36869,35386,1483,96,4,35386,1483
2007-09-01,"Sep","2007","S08000032","NHS Lanarkshire",16147,15723,424,97.4,2.6,15723,424
2007-10-01,"Oct","2007","S08000015","NHS Ayrshire and Arran",9255,9000,255,97.2,2.8,9000,255
2007-10-01,"Oct","2007","S08000016","NHS Borders",2135,2118,17,99.2,0.8,2118,17
2007-10-01,"Oct","2007","S08000017","NHS Dumfries and Galloway",3861,3802,59,98.5,1.5,3802,59
2007-10-01,"Oct","2007","S08000019","NHS Forth Valley",5830,5750,80,98.6,1.4,5750,80
2007-10-01,"Oct","2007","S08000020","NHS Grampian",11734,11551,183,98.4,1.6,11551,183
2007-10-01,"Oct","2007","S08000022","NHS Highland",7132,7068,64,99.1,0.9,7068,64
2007-10-01,"Oct","2007","S08000024","NHS Lothian",18732,17907,825,95.6,4.4,17907,825
2007-10-01,"Oct","2007","S08000025","NHS Orkney",199,199,0,100,0,199,0
2007-10-01,"Oct","2007","S08000026","NHS Shetland",676,670,6,99.1,0.9,670,6
2007-10-01,"Oct","2007","S08000028","NHS Western Isles",771,755,16,97.9,2.1,755,16
2007-10-01,"Oct","2007","S08000029","NHS Fife",7552,7372,180,97.6,2.4,7372,180
2007-10-01,"Oct","2007","S08000030","NHS Tayside",7952,7885,67,99.2,0.8,7885,67
2007-10-01,"Oct","2007","S08000031","NHS Greater Glasgow and Clyde",38179,36623,1556,95.9,4.1,36623,1556
2007-10-01,"Oct","2007","S08000032","NHS Lanarkshire",15956,15485,471,97,3,15485,471
2007-11-01,"Nov","2007","S08000015","NHS Ayrshire and Arran",8450,8292,158,98.1,1.9,8292,158
2007-11-01,"Nov","2007","S08000016","NHS Borders",1973,1952,21,98.9,1.1,1952,21
2007-11-01,"Nov","2007","S08000017","NHS Dumfries and Galloway",3613,3561,52,98.6,1.4,3561,52
2007-11-01,"Nov","2007","S08000019","NHS Forth Valley",5513,5423,90,98.4,1.6,5423,90
2007-11-01,"Nov","2007","S08000020","NHS Grampian",10769,10507,262,97.6,2.4,10507,262
2007-11-01,"Nov","2007","S08000022","NHS Highland",6510,6448,62,99,1,6448,62
2007-11-01,"Nov","2007","S08000024","NHS Lothian",18053,17520,533,97,3,17520,533
2007-11-01,"Nov","2007","S08000025","NHS Orkney",146,146,0,100,0,146,0
2007-11-01,"Nov","2007","S08000026","NHS Shetland",622,621,1,99.8,0.2,621,1
2007-11-01,"Nov","2007","S08000028","NHS Western Isles",556,549,7,98.7,1.3,549,7
2007-11-01,"Nov","2007","S08000029","NHS Fife",6962,6764,198,97.2,2.8,6764,198
2007-11-01,"Nov","2007","S08000030","NHS Tayside",7479,7429,50,99.3,0.7,7429,50
2007-11-01,"Nov","2007","S08000031","NHS Greater Glasgow and Clyde",35746,34603,1143,96.8,3.2,34603,1143
2007-11-01,"Nov","2007","S08000032","NHS Lanarkshire",15391,15062,329,97.9,2.1,15062,329
2007-12-01,"Dec","2007","S08000015","NHS Ayrshire and Arran",8478,8295,183,97.8,2.2,8295,183
2007-12-01,"Dec","2007","S08000016","NHS Borders",2107,2064,43,98,2,2064,43
2007-12-01,"Dec","2007","S08000017","NHS Dumfries and Galloway",3860,3781,79,98,2,3781,79
2007-12-01,"Dec","2007","S08000019","NHS Forth Valley",5303,5201,102,98.1,1.9,5201,102
2007-12-01,"Dec","2007","S08000020","NHS Grampian",11061,10759,302,97.3,2.7,10759,302
2007-12-01,"Dec","2007","S08000022","NHS Highland",6568,6482,86,98.7,1.3,6482,86
2007-12-01,"Dec","2007","S08000024","NHS Lothian",18002,17435,567,96.9,3.1,17435,567
2007-12-01,"Dec","2007","S08000025","NHS Orkney",154,154,0,100,0,154,0
2007-12-01,"Dec","2007","S08000026","NHS Shetland",704,698,6,99.1,0.9,698,6
2007-12-01,"Dec","2007","S08000028","NHS Western Isles",620,612,8,98.7,1.3,612,8
2007-12-01,"Dec","2007","S08000029","NHS Fife",6856,6709,147,97.9,2.1,6709,147
2007-12-01,"Dec","2007","S08000030","NHS Tayside",8071,7877,194,97.6,2.4,7877,194
2007-12-01,"Dec","2007","S08000031","NHS Greater Glasgow and Clyde",35355,34574,781,97.8,2.2,34574,781
2007-12-01,"Dec","2007","S08000032","NHS Lanarkshire",15233,15055,178,98.8,1.2,15055,178
2008-01-01,"Jan","2008","S08000015","NHS Ayrshire and Arran",8559,8435,124,98.6,1.4,8435,124
2008-01-01,"Jan","2008","S08000016","NHS Borders",2034,1973,61,97,3,1973,61
2008-01-01,"Jan","2008","S08000017","NHS Dumfries and Galloway",3706,3599,107,97.1,2.9,3599,107
2008-01-01,"Jan","2008","S08000019","NHS Forth Valley",5298,5188,110,97.9,2.1,5188,110
2008-01-01,"Jan","2008","S08000020","NHS Grampian",11020,10601,419,96.2,3.8,10601,419
2008-01-01,"Jan","2008","S08000022","NHS Highland",6366,6291,75,98.8,1.2,6291,75
2008-01-01,"Jan","2008","S08000024","NHS Lothian",17501,17083,418,97.6,2.4,17083,418
2008-01-01,"Jan","2008","S08000025","NHS Orkney",154,154,0,100,0,154,0
2008-01-01,"Jan","2008","S08000026","NHS Shetland",629,618,11,98.3,1.7,618,11
2008-01-01,"Jan","2008","S08000028","NHS Western Isles",603,596,7,98.8,1.2,596,7
2008-01-01,"Jan","2008","S08000029","NHS Fife",7003,6600,403,94.2,5.8,6600,403
2008-01-01,"Jan","2008","S08000030","NHS Tayside",7351,7265,86,98.8,1.2,7265,86
2008-01-01,"Jan","2008","S08000031","NHS Greater Glasgow and Clyde",35163,34312,851,97.6,2.4,34312,851
2008-01-01,"Jan","2008","S08000032","NHS Lanarkshire",15307,14869,438,97.1,2.9,14869,438
2008-02-01,"Feb","2008","S08000015","NHS Ayrshire and Arran",8555,8451,104,98.8,1.2,8451,104
2008-02-01,"Feb","2008","S08000016","NHS Borders",1888,1869,19,99,1,1869,19
2008-02-01,"Feb","2008","S08000017","NHS Dumfries and Galloway",3634,3541,93,97.4,2.6,3541,93
2008-02-01,"Feb","2008","S08000019","NHS Forth Valley",5239,5151,88,98.3,1.7,5151,88
2008-02-01,"Feb","2008","S08000020","NHS Grampian",11004,10616,388,96.5,3.5,10616,388
2008-02-01,"Feb","2008","S08000022","NHS Highland",5782,5698,84,98.5,1.5,5698,84
2008-02-01,"Feb","2008","S08000024","NHS Lothian",17360,17091,269,98.5,1.5,17091,269
2008-02-01,"Feb","2008","S08000025","NHS Orkney",178,176,2,98.9,1.1,176,2
2008-02-01,"Feb","2008","S08000026","NHS Shetland",674,669,5,99.3,0.7,669,5
2008-02-01,"Feb","2008","S08000028","NHS Western Isles",634,623,11,98.3,1.7,623,11
2008-02-01,"Feb","2008","S08000029","NHS Fife",6852,6648,204,97,3,6648,204
2008-02-01,"Feb","2008","S08000030","NHS Tayside",7117,7058,59,99.2,0.8,7058,59
2008-02-01,"Feb","2008","S08000031","NHS Greater Glasgow and Clyde",34765,34003,762,97.8,2.2,34003,762
2008-02-01,"Feb","2008","S08000032","NHS Lanarkshire",14810,14431,379,97.4,2.6,14431,379
2008-03-01,"Mar","2008","S08000015","NHS Ayrshire and Arran",9583,9410,173,98.2,1.8,9410,173
2008-03-01,"Mar","2008","S08000016","NHS Borders",2112,2060,52,97.5,2.5,2060,52
2008-03-01,"Mar","2008","S08000017","NHS Dumfries and Galloway",4187,4094,93,97.8,2.2,4094,93
2008-03-01,"Mar","2008","S08000019","NHS Forth Valley",6172,5935,237,96.2,3.8,5935,237
2008-03-01,"Mar","2008","S08000020","NHS Grampian",11608,11238,370,96.8,3.2,11238,370
2008-03-01,"Mar","2008","S08000022","NHS Highland",7355,7251,104,98.6,1.4,7251,104
2008-03-01,"Mar","2008","S08000024","NHS Lothian",19020,18599,421,97.8,2.2,18599,421
2008-03-01,"Mar","2008","S08000025","NHS Orkney",177,177,0,100,0,177,0
2008-03-01,"Mar","2008","S08000026","NHS Shetland",749,739,10,98.7,1.3,739,10
2008-03-01,"Mar","2008","S08000028","NHS Western Isles",697,691,6,99.1,0.9,691,6
2008-03-01,"Mar","2008","S08000029","NHS Fife",7988,7637,351,95.6,4.4,7637,351
2008-03-01,"Mar","2008","S08000030","NHS Tayside",8517,8437,80,99.1,0.9,8437,80
2008-03-01,"Mar","2008","S08000031","NHS Greater Glasgow and Clyde",38882,37913,969,97.5,2.5,37913,969
2008-03-01,"Mar","2008","S08000032","NHS Lanarkshire",16943,16419,524,96.9,3.1,16419,524
2008-04-01,"Apr","2008","S08000015","NHS Ayrshire and Arran",9291,9179,112,98.8,1.2,9179,112
2008-04-01,"Apr","2008","S08000016","NHS Borders",2016,1982,34,98.3,1.7,1982,34
2008-04-01,"Apr","2008","S08000017","NHS Dumfries and Galloway",3842,3781,61,98.4,1.6,3781,61
2008-04-01,"Apr","2008","S08000019","NHS Forth Valley",5613,5490,123,97.8,2.2,5490,123
2008-04-01,"Apr","2008","S08000020","NHS Grampian",11306,10964,342,97,3,10964,342
2008-04-01,"Apr","2008","S08000022","NHS Highland",7296,7185,111,98.5,1.5,7185,111
2008-04-01,"Apr","2008","S08000024","NHS Lothian",18648,18157,491,97.4,2.6,18157,491
2008-04-01,"Apr","2008","S08000025","NHS Orkney",169,169,0,100,0,169,0
2008-04-01,"Apr","2008","S08000026","NHS Shetland",720,709,11,98.5,1.5,709,11
2008-04-01,"Apr","2008","S08000028","NHS Western Isles",742,738,4,99.5,0.5,738,4
2008-04-01,"Apr","2008","S08000029","NHS Fife",7132,6873,259,96.4,3.6,6873,259
2008-04-01,"Apr","2008","S08000030","NHS Tayside",7740,7662,78,99,1,7662,78
2008-04-01,"Apr","2008","S08000031","NHS Greater Glasgow and Clyde",36983,36172,811,97.8,2.2,36172,811
2008-04-01,"Apr","2008","S08000032","NHS Lanarkshire",16340,15850,490,97,3,15850,490
2008-05-01,"May","2008","S08000015","NHS Ayrshire and Arran",10264,10104,160,98.4,1.6,10104,160
2008-05-01,"May","2008","S08000016","NHS Borders",2416,2373,43,98.2,1.8,2373,43
2008-05-01,"May","2008","S08000017","NHS Dumfries and Galloway",4553,4494,59,98.7,1.3,4494,59
2008-05-01,"May","2008","S08000019","NHS Forth Valley",6668,6503,165,97.5,2.5,6503,165
2008-05-01,"May","2008","S08000020","NHS Grampian",13010,12734,276,97.9,2.1,12734,276
2008-05-01,"May","2008","S08000022","NHS Highland",8557,8454,103,98.8,1.2,8454,103
2008-05-01,"May","2008","S08000024","NHS Lothian",20188,19663,525,97.4,2.6,19663,525
2008-05-01,"May","2008","S08000025","NHS Orkney",291,291,0,100,0,291,0
2008-05-01,"May","2008","S08000026","NHS Shetland",813,808,5,99.4,0.6,808,5
2008-05-01,"May","2008","S08000028","NHS Western Isles",895,884,11,98.8,1.2,884,11
2008-05-01,"May","2008","S08000029","NHS Fife",8185,7986,199,97.6,2.4,7986,199
2008-05-01,"May","2008","S08000030","NHS Tayside",8918,8860,58,99.3,0.7,8860,58
2008-05-01,"May","2008","S08000031","NHS Greater Glasgow and Clyde",40685,39944,741,98.2,1.8,39944,741
2008-05-01,"May","2008","S08000032","NHS Lanarkshire",17981,17628,353,98,2,17628,353
2008-06-01,"Jun","2008","S08000015","NHS Ayrshire and Arran",9685,9576,109,98.9,1.1,9576,109
2008-06-01,"Jun","2008","S08000016","NHS Borders",2187,2164,23,98.9,1.1,2164,23
2008-06-01,"Jun","2008","S08000017","NHS Dumfries and Galloway",4286,4212,74,98.3,1.7,4212,74
2008-06-01,"Jun","2008","S08000019","NHS Forth Valley",6177,6028,149,97.6,2.4,6028,149
2008-06-01,"Jun","2008","S08000020","NHS Grampian",12325,12136,189,98.5,1.5,12136,189
2008-06-01,"Jun","2008","S08000022","NHS Highland",8560,8448,112,98.7,1.3,8448,112
2008-06-01,"Jun","2008","S08000024","NHS Lothian",19344,18911,433,97.8,2.2,18911,433
2008-06-01,"Jun","2008","S08000025","NHS Orkney",250,250,0,100,0,250,0
2008-06-01,"Jun","2008","S08000026","NHS Shetland",805,801,4,99.5,0.5,801,4
2008-06-01,"Jun","2008","S08000028","NHS Western Isles",780,773,7,99.1,0.9,773,7
2008-06-01,"Jun","2008","S08000029","NHS Fife",7809,7636,173,97.8,2.2,7636,173
2008-06-01,"Jun","2008","S08000030","NHS Tayside",8201,8151,50,99.4,0.6,8151,50
2008-06-01,"Jun","2008","S08000031","NHS Greater Glasgow and Clyde",38312,37584,728,98.1,1.9,37584,728
2008-06-01,"Jun","2008","S08000032","NHS Lanarkshire",17032,16632,400,97.7,2.3,16632,400
2008-07-01,"Jul","2008","S08000015","NHS Ayrshire and Arran",9612,9502,110,98.9,1.1,9502,110
2008-07-01,"Jul","2008","S08000016","NHS Borders",2236,2222,14,99.4,0.6,2222,14
2008-07-01,"Jul","2008","S08000017","NHS Dumfries and Galloway",4209,4150,59,98.6,1.4,4150,59
2008-07-01,"Jul","2008","S08000019","NHS Forth Valley",6049,5929,120,98,2,5929,120
2008-07-01,"Jul","2008","S08000020","NHS Grampian",11954,11809,145,98.8,1.2,11809,145
2008-07-01,"Jul","2008","S08000022","NHS Highland",9143,9014,129,98.6,1.4,9014,129
2008-07-01,"Jul","2008","S08000024","NHS Lothian",18549,18149,400,97.8,2.2,18149,400
2008-07-01,"Jul","2008","S08000025","NHS Orkney",250,250,0,100,0,250,0
2008-07-01,"Jul","2008","S08000026","NHS Shetland",789,782,7,99.1,0.9,782,7
2008-07-01,"Jul","2008","S08000028","NHS Western Isles",810,802,8,99,1,802,8
2008-07-01,"Jul","2008","S08000029","NHS Fife",7385,7257,128,98.3,1.7,7257,128
2008-07-01,"Jul","2008","S08000030","NHS Tayside",8206,8155,51,99.4,0.6,8155,51
2008-07-01,"Jul","2008","S08000031","NHS Greater Glasgow and Clyde",37915,37326,589,98.4,1.6,37326,589
2008-07-01,"Jul","2008","S08000032","NHS Lanarkshire",16189,15985,204,98.7,1.3,15985,204
2008-08-01,"Aug","2008","S08000015","NHS Ayrshire and Arran",9751,9638,113,98.8,1.2,9638,113
2008-08-01,"Aug","2008","S08000016","NHS Borders",2257,2220,37,98.4,1.6,2220,37
2008-08-01,"Aug","2008","S08000017","NHS Dumfries and Galloway",4419,4356,63,98.6,1.4,4356,63
2008-08-01,"Aug","2008","S08000019","NHS Forth Valley",6304,6100,204,96.8,3.2,6100,204
2008-08-01,"Aug","2008","S08000020","NHS Grampian",12493,11984,509,95.9,4.1,11984,509
2008-08-01,"Aug","2008","S08000022","NHS Highland",9030,8920,110,98.8,1.2,8920,110
2008-08-01,"Aug","2008","S08000024","NHS Lothian",19624,19087,537,97.3,2.7,19087,537
2008-08-01,"Aug","2008","S08000025","NHS Orkney",234,234,0,100,0,234,0
2008-08-01,"Aug","2008","S08000026","NHS Shetland",782,770,12,98.5,1.5,770,12
2008-08-01,"Aug","2008","S08000028","NHS Western Isles",797,788,9,98.9,1.1,788,9
2008-08-01,"Aug","2008","S08000029","NHS Fife",7506,7311,195,97.4,2.6,7311,195
2008-08-01,"Aug","2008","S08000030","NHS Tayside",8484,8386,98,98.8,1.2,8386,98
2008-08-01,"Aug","2008","S08000031","NHS Greater Glasgow and Clyde",38333,37532,801,97.9,2.1,37532,801
2008-08-01,"Aug","2008","S08000032","NHS Lanarkshire",16524,16215,309,98.1,1.9,16215,309
2008-09-01,"Sep","2008","S08000015","NHS Ayrshire and Arran",9297,9194,103,98.9,1.1,9194,103
2008-09-01,"Sep","2008","S08000016","NHS Borders",2050,2009,41,98,2,2009,41
2008-09-01,"Sep","2008","S08000017","NHS Dumfries and Galloway",4045,3975,70,98.3,1.7,3975,70
2008-09-01,"Sep","2008","S08000019","NHS Forth Valley",6081,5916,165,97.3,2.7,5916,165
2008-09-01,"Sep","2008","S08000020","NHS Grampian",12041,11712,329,97.3,2.7,11712,329
2008-09-01,"Sep","2008","S08000022","NHS Highland",8256,8133,123,98.5,1.5,8133,123
2008-09-01,"Sep","2008","S08000024","NHS Lothian",19163,18774,389,98,2,18774,389
2008-09-01,"Sep","2008","S08000025","NHS Orkney",197,197,0,100,0,197,0
2008-09-01,"Sep","2008","S08000026","NHS Shetland",784,778,6,99.2,0.8,778,6
2008-09-01,"Sep","2008","S08000028","NHS Western Isles",726,720,6,99.2,0.8,720,6
2008-09-01,"Sep","2008","S08000029","NHS Fife",7256,7107,149,97.9,2.1,7107,149
2008-09-01,"Sep","2008","S08000030","NHS Tayside",8137,8071,66,99.2,0.8,8071,66
2008-09-01,"Sep","2008","S08000031","NHS Greater Glasgow and Clyde",37719,37054,665,98.2,1.8,37054,665
2008-09-01,"Sep","2008","S08000032","NHS Lanarkshire",16438,16129,309,98.1,1.9,16129,309
2008-10-01,"Oct","2008","S08000015","NHS Ayrshire and Arran",8799,8717,82,99.1,0.9,8717,82
2008-10-01,"Oct","2008","S08000016","NHS Borders",2001,1944,57,97.2,2.8,1944,57
2008-10-01,"Oct","2008","S08000017","NHS Dumfries and Galloway",3913,3864,49,98.7,1.3,3864,49
2008-10-01,"Oct","2008","S08000019","NHS Forth Valley",5845,5713,132,97.7,2.3,5713,132
2008-10-01,"Oct","2008","S08000020","NHS Grampian",10961,10647,314,97.1,2.9,10647,314
2008-10-01,"Oct","2008","S08000022","NHS Highland",7122,7020,102,98.6,1.4,7020,102
2008-10-01,"Oct","2008","S08000024","NHS Lothian",18829,18391,438,97.7,2.3,18391,438
2008-10-01,"Oct","2008","S08000025","NHS Orkney",194,194,0,100,0,194,0
2008-10-01,"Oct","2008","S08000026","NHS Shetland",629,629,0,100,0,629,0
2008-10-01,"Oct","2008","S08000028","NHS Western Isles",630,619,11,98.3,1.7,619,11
2008-10-01,"Oct","2008","S08000029","NHS Fife",6791,6678,113,98.3,1.7,6678,113
2008-10-01,"Oct","2008","S08000030","NHS Tayside",7448,7410,38,99.5,0.5,7410,38
2008-10-01,"Oct","2008","S08000031","NHS Greater Glasgow and Clyde",37156,36416,740,98,2,36416,740
2008-10-01,"Oct","2008","S08000032","NHS Lanarkshire",15573,15276,297,98.1,1.9,15276,297
2008-11-01,"Nov","2008","S08000015","NHS Ayrshire and Arran",8702,8548,154,98.2,1.8,8548,154
2008-11-01,"Nov","2008","S08000016","NHS Borders",2009,1975,34,98.3,1.7,1975,34
2008-11-01,"Nov","2008","S08000017","NHS Dumfries and Galloway",3910,3816,94,97.6,2.4,3816,94
2008-11-01,"Nov","2008","S08000019","NHS Forth Valley",5664,5558,106,98.1,1.9,5558,106
2008-11-01,"Nov","2008","S08000020","NHS Grampian",10907,10525,382,96.5,3.5,10525,382
2008-11-01,"Nov","2008","S08000022","NHS Highland",6783,6689,94,98.6,1.4,6689,94
2008-11-01,"Nov","2008","S08000024","NHS Lothian",18875,18374,501,97.3,2.7,18374,501
2008-11-01,"Nov","2008","S08000025","NHS Orkney",177,177,0,100,0,177,0
2008-11-01,"Nov","2008","S08000026","NHS Shetland",647,641,6,99.1,0.9,641,6
2008-11-01,"Nov","2008","S08000028","NHS Western Isles",591,585,6,99,1,585,6
2008-11-01,"Nov","2008","S08000029","NHS Fife",6566,6355,211,96.8,3.2,6355,211
2008-11-01,"Nov","2008","S08000030","NHS Tayside",7445,7385,60,99.2,0.8,7385,60
2008-11-01,"Nov","2008","S08000031","NHS Greater Glasgow and Clyde",36910,36079,831,97.7,2.3,36079,831
2008-11-01,"Nov","2008","S08000032","NHS Lanarkshire",15901,15474,427,97.3,2.7,15474,427
2008-12-01,"Dec","2008","S08000015","NHS Ayrshire and Arran",9076,8758,318,96.5,3.5,8758,318
2008-12-01,"Dec","2008","S08000016","NHS Borders",2139,2091,48,97.8,2.2,2091,48
2008-12-01,"Dec","2008","S08000017","NHS Dumfries and Galloway",3958,3879,79,98,2,3879,79
2008-12-01,"Dec","2008","S08000019","NHS Forth Valley",5622,5381,241,95.7,4.3,5381,241
2008-12-01,"Dec","2008","S08000020","NHS Grampian",11620,11033,587,94.9,5.1,11033,587
2008-12-01,"Dec","2008","S08000022","NHS Highland",7120,7006,114,98.4,1.6,7006,114
2008-12-01,"Dec","2008","S08000024","NHS Lothian",19037,18255,782,95.9,4.1,18255,782
2008-12-01,"Dec","2008","S08000025","NHS Orkney",251,250,1,99.6,0.4,250,1
2008-12-01,"Dec","2008","S08000026","NHS Shetland",781,776,5,99.4,0.6,776,5
2008-12-01,"Dec","2008","S08000028","NHS Western Isles",639,634,5,99.2,0.8,634,5
2008-12-01,"Dec","2008","S08000029","NHS Fife",6811,6430,381,94.4,5.6,6430,381
2008-12-01,"Dec","2008","S08000030","NHS Tayside",7921,7811,110,98.6,1.4,7811,110
2008-12-01,"Dec","2008","S08000031","NHS Greater Glasgow and Clyde",38255,37073,1182,96.9,3.1,37073,1182
2008-12-01,"Dec","2008","S08000032","NHS Lanarkshire",15158,14689,469,96.9,3.1,14689,469
2009-01-01,"Jan","2009","S08000015","NHS Ayrshire and Arran",8705,8290,415,95.2,4.8,8290,415
2009-01-01,"Jan","2009","S08000016","NHS Borders",2079,2021,58,97.2,2.8,2021,58
2009-01-01,"Jan","2009","S08000017","NHS Dumfries and Galloway",3968,3852,116,97.1,2.9,3852,116
2009-01-01,"Jan","2009","S08000019","NHS Forth Valley",5415,5263,152,97.2,2.8,5263,152
2009-01-01,"Jan","2009","S08000020","NHS Grampian",11330,10846,484,95.7,4.3,10846,484
2009-01-01,"Jan","2009","S08000022","NHS Highland",7055,6931,124,98.2,1.8,6931,124
2009-01-01,"Jan","2009","S08000024","NHS Lothian",17950,17213,737,95.9,4.1,17213,737
2009-01-01,"Jan","2009","S08000025","NHS Orkney",293,292,1,99.7,0.3,292,1
2009-01-01,"Jan","2009","S08000026","NHS Shetland",764,759,5,99.3,0.7,759,5
2009-01-01,"Jan","2009","S08000028","NHS Western Isles",608,594,14,97.7,2.3,594,14
2009-01-01,"Jan","2009","S08000029","NHS Fife",6402,6012,390,93.9,6.1,6012,390
2009-01-01,"Jan","2009","S08000030","NHS Tayside",7597,7523,74,99,1,7523,74
2009-01-01,"Jan","2009","S08000031","NHS Greater Glasgow and Clyde",36003,34750,1253,96.5,3.5,34750,1253
2009-01-01,"Jan","2009","S08000032","NHS Lanarkshire",15929,15387,542,96.6,3.4,15387,542
2009-02-01,"Feb","2009","S08000015","NHS Ayrshire and Arran",8110,7883,227,97.2,2.8,7883,227
2009-02-01,"Feb","2009","S08000016","NHS Borders",1844,1819,25,98.6,1.4,1819,25
2009-02-01,"Feb","2009","S08000017","NHS Dumfries and Galloway",3615,3509,106,97.1,2.9,3509,106
2009-02-01,"Feb","2009","S08000019","NHS Forth Valley",5368,5139,229,95.7,4.3,5139,229
2009-02-01,"Feb","2009","S08000020","NHS Grampian",10460,9990,470,95.5,4.5,9990,470
2009-02-01,"Feb","2009","S08000022","NHS Highland",6468,6383,85,98.7,1.3,6383,85
2009-02-01,"Feb","2009","S08000024","NHS Lothian",17548,17140,408,97.7,2.3,17140,408
2009-02-01,"Feb","2009","S08000025","NHS Orkney",243,243,0,100,0,243,0
2009-02-01,"Feb","2009","S08000026","NHS Shetland",620,619,1,99.8,0.2,619,1
2009-02-01,"Feb","2009","S08000028","NHS Western Isles",584,574,10,98.3,1.7,574,10
2009-02-01,"Feb","2009","S08000029","NHS Fife",6433,6104,329,94.9,5.1,6104,329
2009-02-01,"Feb","2009","S08000030","NHS Tayside",7081,6998,83,98.8,1.2,6998,83
2009-02-01,"Feb","2009","S08000031","NHS Greater Glasgow and Clyde",34727,33829,898,97.4,2.6,33829,898
2009-02-01,"Feb","2009","S08000032","NHS Lanarkshire",14577,14285,292,98,2,14285,292
2009-03-01,"Mar","2009","S08000015","NHS Ayrshire and Arran",9543,9267,276,97.1,2.9,9267,276
2009-03-01,"Mar","2009","S08000016","NHS Borders",2370,2318,52,97.8,2.2,2318,52
2009-03-01,"Mar","2009","S08000017","NHS Dumfries and Galloway",4238,4099,139,96.7,3.3,4099,139
2009-03-01,"Mar","2009","S08000019","NHS Forth Valley",6338,6146,192,97,3,6146,192
2009-03-01,"Mar","2009","S08000020","NHS Grampian",12585,12110,475,96.2,3.8,12110,475
2009-03-01,"Mar","2009","S08000022","NHS Highland",7788,7687,101,98.7,1.3,7687,101
2009-03-01,"Mar","2009","S08000024","NHS Lothian",20919,20485,434,97.9,2.1,20485,434
2009-03-01,"Mar","2009","S08000025","NHS Orkney",234,233,1,99.6,0.4,233,1
2009-03-01,"Mar","2009","S08000026","NHS Shetland",835,833,2,99.8,0.2,833,2
2009-03-01,"Mar","2009","S08000028","NHS Western Isles",711,704,7,99,1,704,7
2009-03-01,"Mar","2009","S08000029","NHS Fife",7637,7285,352,95.4,4.6,7285,352
2009-03-01,"Mar","2009","S08000030","NHS Tayside",8512,8430,82,99,1,8430,82
2009-03-01,"Mar","2009","S08000031","NHS Greater Glasgow and Clyde",40647,39768,879,97.8,2.2,39768,879
2009-03-01,"Mar","2009","S08000032","NHS Lanarkshire",18042,17821,221,98.8,1.2,17821,221
2009-04-01,"Apr","2009","S08000015","NHS Ayrshire and Arran",9623,9323,300,96.9,3.1,9323,300
2009-04-01,"Apr","2009","S08000016","NHS Borders",2253,2200,53,97.6,2.4,2200,53
2009-04-01,"Apr","2009","S08000017","NHS Dumfries and Galloway",4319,4211,108,97.5,2.5,4211,108
2009-04-01,"Apr","2009","S08000019","NHS Forth Valley",6127,5881,246,96,4,5881,246
2009-04-01,"Apr","2009","S08000020","NHS Grampian",11921,11600,321,97.3,2.7,11600,321
2009-04-01,"Apr","2009","S08000022","NHS Highland",8337,8231,106,98.7,1.3,8231,106
2009-04-01,"Apr","2009","S08000024","NHS Lothian",19905,19043,862,95.7,4.3,19043,862
2009-04-01,"Apr","2009","S08000025","NHS Orkney",279,279,0,100,0,279,0
2009-04-01,"Apr","2009","S08000026","NHS Shetland",760,757,3,99.6,0.4,757,3
2009-04-01,"Apr","2009","S08000028","NHS Western Isles",796,787,9,98.9,1.1,787,9
2009-04-01,"Apr","2009","S08000029","NHS Fife",7636,7334,302,96,4,7334,302
2009-04-01,"Apr","2009","S08000030","NHS Tayside",9608,9546,62,99.4,0.6,9546,62
2009-04-01,"Apr","2009","S08000031","NHS Greater Glasgow and Clyde",39563,38483,1080,97.3,2.7,38483,1080
2009-04-01,"Apr","2009","S08000032","NHS Lanarkshire",17476,17202,274,98.4,1.6,17202,274
2009-05-01,"May","2009","S08000015","NHS Ayrshire and Arran",10124,10028,96,99.1,0.9,10028,96
2009-05-01,"May","2009","S08000016","NHS Borders",2299,2251,48,97.9,2.1,2251,48
2009-05-01,"May","2009","S08000017","NHS Dumfries and Galloway",4490,4398,92,98,2,4398,92
2009-05-01,"May","2009","S08000019","NHS Forth Valley",6592,6373,219,96.7,3.3,6373,219
2009-05-01,"May","2009","S08000020","NHS Grampian",12832,12446,386,97,3,12446,386
2009-05-01,"May","2009","S08000022","NHS Highland",8781,8709,72,99.2,0.8,8709,72
2009-05-01,"May","2009","S08000024","NHS Lothian",20517,19819,698,96.6,3.4,19819,698
2009-05-01,"May","2009","S08000025","NHS Orkney",337,336,1,99.7,0.3,336,1
2009-05-01,"May","2009","S08000026","NHS Shetland",787,784,3,99.6,0.4,784,3
2009-05-01,"May","2009","S08000028","NHS Western Isles",772,769,3,99.6,0.4,769,3
2009-05-01,"May","2009","S08000029","NHS Fife",7360,7109,251,96.6,3.4,7109,251
2009-05-01,"May","2009","S08000030","NHS Tayside",9933,9858,75,99.2,0.8,9858,75
2009-05-01,"May","2009","S08000031","NHS Greater Glasgow and Clyde",40540,39697,843,97.9,2.1,39697,843
2009-05-01,"May","2009","S08000032","NHS Lanarkshire",17942,17606,336,98.1,1.9,17606,336
2009-06-01,"Jun","2009","S08000015","NHS Ayrshire and Arran",10070,9997,73,99.3,0.7,9997,73
2009-06-01,"Jun","2009","S08000016","NHS Borders",2166,2109,57,97.4,2.6,2109,57
2009-06-01,"Jun","2009","S08000017","NHS Dumfries and Galloway",4489,4380,109,97.6,2.4,4380,109
2009-06-01,"Jun","2009","S08000019","NHS Forth Valley",6534,6306,228,96.5,3.5,6306,228
2009-06-01,"Jun","2009","S08000020","NHS Grampian",12428,12160,268,97.8,2.2,12160,268
2009-06-01,"Jun","2009","S08000022","NHS Highland",8997,8915,82,99.1,0.9,8915,82
2009-06-01,"Jun","2009","S08000024","NHS Lothian",19740,19031,709,96.4,3.6,19031,709
2009-06-01,"Jun","2009","S08000025","NHS Orkney",360,359,1,99.7,0.3,359,1
2009-06-01,"Jun","2009","S08000026","NHS Shetland",778,776,2,99.7,0.3,776,2
2009-06-01,"Jun","2009","S08000028","NHS Western Isles",890,885,5,99.4,0.6,885,5
2009-06-01,"Jun","2009","S08000029","NHS Fife",7576,7349,227,97,3,7349,227
2009-06-01,"Jun","2009","S08000030","NHS Tayside",9633,9590,43,99.6,0.4,9590,43
2009-06-01,"Jun","2009","S08000031","NHS Greater Glasgow and Clyde",40931,40060,871,97.9,2.1,40060,871
2009-06-01,"Jun","2009","S08000032","NHS Lanarkshire",17820,17552,268,98.5,1.5,17552,268
2009-07-01,"Jul","2009","S08000015","NHS Ayrshire and Arran",9901,9829,72,99.3,0.7,9829,72
2009-07-01,"Jul","2009","S08000016","NHS Borders",2199,2161,38,98.3,1.7,2161,38
2009-07-01,"Jul","2009","S08000017","NHS Dumfries and Galloway",4513,4395,118,97.4,2.6,4395,118
2009-07-01,"Jul","2009","S08000019","NHS Forth Valley",6337,6038,299,95.3,4.7,6038,299
2009-07-01,"Jul","2009","S08000020","NHS Grampian",12385,12038,347,97.2,2.8,12038,347
2009-07-01,"Jul","2009","S08000022","NHS Highland",9307,9192,115,98.8,1.2,9192,115
2009-07-01,"Jul","2009","S08000024","NHS Lothian",18920,18500,420,97.8,2.2,18500,420
2009-07-01,"Jul","2009","S08000025","NHS Orkney",350,350,0,100,0,350,0
2009-07-01,"Jul","2009","S08000026","NHS Shetland",825,824,1,99.9,0.1,824,1
2009-07-01,"Jul","2009","S08000028","NHS Western Isles",859,851,8,99.1,0.9,851,8
2009-07-01,"Jul","2009","S08000029","NHS Fife",7547,7369,178,97.6,2.4,7369,178
2009-07-01,"Jul","2009","S08000030","NHS Tayside",9899,9832,67,99.3,0.7,9832,67
2009-07-01,"Jul","2009","S08000031","NHS Greater Glasgow and Clyde",39699,39071,628,98.4,1.6,39071,628
2009-07-01,"Jul","2009","S08000032","NHS Lanarkshire",16648,16448,200,98.8,1.2,16448,200
2009-08-01,"Aug","2009","S08000015","NHS Ayrshire and Arran",9561,9497,64,99.3,0.7,9497,64
2009-08-01,"Aug","2009","S08000016","NHS Borders",2291,2254,37,98.4,1.6,2254,37
2009-08-01,"Aug","2009","S08000017","NHS Dumfries and Galloway",4474,4325,149,96.7,3.3,4325,149
2009-08-01,"Aug","2009","S08000019","NHS Forth Valley",6390,6214,176,97.2,2.8,6214,176
2009-08-01,"Aug","2009","S08000020","NHS Grampian",12588,12217,371,97.1,2.9,12217,371
2009-08-01,"Aug","2009","S08000022","NHS Highland",9245,9112,133,98.6,1.4,9112,133
2009-08-01,"Aug","2009","S08000024","NHS Lothian",19905,19304,601,97,3,19304,601
2009-08-01,"Aug","2009","S08000025","NHS Orkney",332,329,3,99.1,0.9,329,3
2009-08-01,"Aug","2009","S08000026","NHS Shetland",803,799,4,99.5,0.5,799,4
2009-08-01,"Aug","2009","S08000028","NHS Western Isles",741,736,5,99.3,0.7,736,5
2009-08-01,"Aug","2009","S08000029","NHS Fife",7584,7402,182,97.6,2.4,7402,182
2009-08-01,"Aug","2009","S08000030","NHS Tayside",9831,9769,62,99.4,0.6,9769,62
2009-08-01,"Aug","2009","S08000031","NHS Greater Glasgow and Clyde",39201,38494,707,98.2,1.8,38494,707
2009-08-01,"Aug","2009","S08000032","NHS Lanarkshire",16769,16504,265,98.4,1.6,16504,265
2009-09-01,"Sep","2009","S08000015","NHS Ayrshire and Arran",9395,9316,79,99.2,0.8,9316,79
2009-09-01,"Sep","2009","S08000016","NHS Borders",2115,2067,48,97.7,2.3,2067,48
2009-09-01,"Sep","2009","S08000017","NHS Dumfries and Galloway",4239,4103,136,96.8,3.2,4103,136
2009-09-01,"Sep","2009","S08000019","NHS Forth Valley",6409,6251,158,97.5,2.5,6251,158
2009-09-01,"Sep","2009","S08000020","NHS Grampian",12610,12236,374,97,3,12236,374
2009-09-01,"Sep","2009","S08000022","NHS Highland",7911,7800,111,98.6,1.4,7800,111
2009-09-01,"Sep","2009","S08000024","NHS Lothian",19548,18896,652,96.7,3.3,18896,652
2009-09-01,"Sep","2009","S08000025","NHS Orkney",306,306,0,100,0,306,0
2009-09-01,"Sep","2009","S08000026","NHS Shetland",679,674,5,99.3,0.7,674,5
2009-09-01,"Sep","2009","S08000028","NHS Western Isles",708,700,8,98.9,1.1,700,8
2009-09-01,"Sep","2009","S08000029","NHS Fife",7455,7330,125,98.3,1.7,7330,125
2009-09-01,"Sep","2009","S08000030","NHS Tayside",9631,9590,41,99.6,0.4,9590,41
2009-09-01,"Sep","2009","S08000031","NHS Greater Glasgow and Clyde",39459,38651,808,98,2,38651,808
2009-09-01,"Sep","2009","S08000032","NHS Lanarkshire",16700,16447,253,98.5,1.5,16447,253
2009-10-01,"Oct","2009","S08000015","NHS Ayrshire and Arran",9395,9174,221,97.6,2.4,9174,221
2009-10-01,"Oct","2009","S08000016","NHS Borders",2040,1995,45,97.8,2.2,1995,45
2009-10-01,"Oct","2009","S08000017","NHS Dumfries and Galloway",4085,3965,120,97.1,2.9,3965,120
2009-10-01,"Oct","2009","S08000019","NHS Forth Valley",6223,6062,161,97.4,2.6,6062,161
2009-10-01,"Oct","2009","S08000020","NHS Grampian",11209,10903,306,97.3,2.7,10903,306
2009-10-01,"Oct","2009","S08000022","NHS Highland",7288,7189,99,98.6,1.4,7189,99
2009-10-01,"Oct","2009","S08000024","NHS Lothian",20053,19219,834,95.8,4.2,19219,834
2009-10-01,"Oct","2009","S08000025","NHS Orkney",196,196,0,100,0,196,0
2009-10-01,"Oct","2009","S08000026","NHS Shetland",660,652,8,98.8,1.2,652,8
2009-10-01,"Oct","2009","S08000028","NHS Western Isles",645,637,8,98.8,1.2,637,8
2009-10-01,"Oct","2009","S08000029","NHS Fife",7157,6947,210,97.1,2.9,6947,210
2009-10-01,"Oct","2009","S08000030","NHS Tayside",9257,9207,50,99.5,0.5,9207,50
2009-10-01,"Oct","2009","S08000031","NHS Greater Glasgow and Clyde",39495,38545,950,97.6,2.4,38545,950
2009-10-01,"Oct","2009","S08000032","NHS Lanarkshire",16295,15844,451,97.2,2.8,15844,451
2009-11-01,"Nov","2009","S08000015","NHS Ayrshire and Arran",8883,8725,158,98.2,1.8,8725,158
2009-11-01,"Nov","2009","S08000016","NHS Borders",1994,1959,35,98.2,1.8,1959,35
2009-11-01,"Nov","2009","S08000017","NHS Dumfries and Galloway",3898,3783,115,97,3,3783,115
2009-11-01,"Nov","2009","S08000019","NHS Forth Valley",5841,5653,188,96.8,3.2,5653,188
2009-11-01,"Nov","2009","S08000020","NHS Grampian",11398,11138,260,97.7,2.3,11138,260
2009-11-01,"Nov","2009","S08000022","NHS Highland",6827,6740,87,98.7,1.3,6740,87
2009-11-01,"Nov","2009","S08000024","NHS Lothian",19221,18457,764,96,4,18457,764
2009-11-01,"Nov","2009","S08000025","NHS Orkney",222,221,1,99.5,0.5,221,1
2009-11-01,"Nov","2009","S08000026","NHS Shetland",684,681,3,99.6,0.4,681,3
2009-11-01,"Nov","2009","S08000028","NHS Western Isles",653,631,22,96.6,3.4,631,22
2009-11-01,"Nov","2009","S08000029","NHS Fife",6798,6612,186,97.3,2.7,6612,186
2009-11-01,"Nov","2009","S08000030","NHS Tayside",8999,8934,65,99.3,0.7,8934,65
2009-11-01,"Nov","2009","S08000031","NHS Greater Glasgow and Clyde",38953,37790,1163,97,3,37790,1163
2009-11-01,"Nov","2009","S08000032","NHS Lanarkshire",15589,15262,327,97.9,2.1,15262,327
2009-12-01,"Dec","2009","S08000015","NHS Ayrshire and Arran",9203,9066,137,98.5,1.5,9066,137
2009-12-01,"Dec","2009","S08000016","NHS Borders",2024,1952,72,96.4,3.6,1952,72
2009-12-01,"Dec","2009","S08000017","NHS Dumfries and Galloway",4110,3905,205,95,5,3905,205
2009-12-01,"Dec","2009","S08000019","NHS Forth Valley",5841,5646,195,96.7,3.3,5646,195
2009-12-01,"Dec","2009","S08000020","NHS Grampian",11508,11203,305,97.3,2.7,11203,305
2009-12-01,"Dec","2009","S08000022","NHS Highland",6881,6781,100,98.5,1.5,6781,100
2009-12-01,"Dec","2009","S08000024","NHS Lothian",19347,18324,1023,94.7,5.3,18324,1023
2009-12-01,"Dec","2009","S08000025","NHS Orkney",274,273,1,99.6,0.4,273,1
2009-12-01,"Dec","2009","S08000026","NHS Shetland",680,677,3,99.6,0.4,677,3
2009-12-01,"Dec","2009","S08000028","NHS Western Isles",632,624,8,98.7,1.3,624,8
2009-12-01,"Dec","2009","S08000029","NHS Fife",6831,6614,217,96.8,3.2,6614,217
2009-12-01,"Dec","2009","S08000030","NHS Tayside",9042,8971,71,99.2,0.8,8971,71
2009-12-01,"Dec","2009","S08000031","NHS Greater Glasgow and Clyde",37526,36489,1037,97.2,2.8,36489,1037
2009-12-01,"Dec","2009","S08000032","NHS Lanarkshire",15691,15405,286,98.2,1.8,15405,286
2010-01-01,"Jan","2010","S08000015","NHS Ayrshire and Arran",8855,8562,293,96.7,3.3,8562,293
2010-01-01,"Jan","2010","S08000016","NHS Borders",1762,1707,55,96.9,3.1,1707,55
2010-01-01,"Jan","2010","S08000017","NHS Dumfries and Galloway",4117,3912,205,95,5,3912,205
2010-01-01,"Jan","2010","S08000019","NHS Forth Valley",5892,5617,275,95.3,4.7,5617,275
2010-01-01,"Jan","2010","S08000020","NHS Grampian",10513,10171,342,96.7,3.3,10171,342
2010-01-01,"Jan","2010","S08000022","NHS Highland",6779,6629,150,97.8,2.2,6629,150
2010-01-01,"Jan","2010","S08000024","NHS Lothian",18386,16889,1497,91.9,8.1,16889,1497
2010-01-01,"Jan","2010","S08000025","NHS Orkney",235,233,2,99.1,0.9,233,2
2010-01-01,"Jan","2010","S08000026","NHS Shetland",648,645,3,99.5,0.5,645,3
2010-01-01,"Jan","2010","S08000028","NHS Western Isles",639,627,12,98.1,1.9,627,12
2010-01-01,"Jan","2010","S08000029","NHS Fife",6787,6585,202,97,3,6585,202
2010-01-01,"Jan","2010","S08000030","NHS Tayside",8586,8499,87,99,1,8499,87
2010-01-01,"Jan","2010","S08000031","NHS Greater Glasgow and Clyde",37818,36105,1713,95.5,4.5,36105,1713
2010-01-01,"Jan","2010","S08000032","NHS Lanarkshire",14784,14580,204,98.6,1.4,14580,204
2010-02-01,"Feb","2010","S08000015","NHS Ayrshire and Arran",8231,7942,289,96.5,3.5,7942,289
2010-02-01,"Feb","2010","S08000016","NHS Borders",1805,1680,125,93.1,6.9,1680,125
2010-02-01,"Feb","2010","S08000017","NHS Dumfries and Galloway",3585,3429,156,95.6,4.4,3429,156
2010-02-01,"Feb","2010","S08000019","NHS Forth Valley",5301,5068,233,95.6,4.4,5068,233
2010-02-01,"Feb","2010","S08000020","NHS Grampian",10268,9894,374,96.4,3.6,9894,374
2010-02-01,"Feb","2010","S08000022","NHS Highland",6189,6032,157,97.5,2.5,6032,157
2010-02-01,"Feb","2010","S08000024","NHS Lothian",17265,16109,1156,93.3,6.7,16109,1156
2010-02-01,"Feb","2010","S08000025","NHS Orkney",208,205,3,98.6,1.4,205,3
2010-02-01,"Feb","2010","S08000026","NHS Shetland",587,584,3,99.5,0.5,584,3
2010-02-01,"Feb","2010","S08000028","NHS Western Isles",521,515,6,98.8,1.2,515,6
2010-02-01,"Feb","2010","S08000029","NHS Fife",6220,5958,262,95.8,4.2,5958,262
2010-02-01,"Feb","2010","S08000030","NHS Tayside",7879,7811,68,99.1,0.9,7811,68
2010-02-01,"Feb","2010","S08000031","NHS Greater Glasgow and Clyde",34435,33193,1242,96.4,3.6,33193,1242
2010-02-01,"Feb","2010","S08000032","NHS Lanarkshire",14050,13919,131,99.1,0.9,13919,131
2010-03-01,"Mar","2010","S08000015","NHS Ayrshire and Arran",9892,9573,319,96.8,3.2,9573,319
2010-03-01,"Mar","2010","S08000016","NHS Borders",2132,2070,62,97.1,2.9,2070,62
2010-03-01,"Mar","2010","S08000017","NHS Dumfries and Galloway",4211,4035,176,95.8,4.2,4035,176
2010-03-01,"Mar","2010","S08000019","NHS Forth Valley",6289,6073,216,96.6,3.4,6073,216
2010-03-01,"Mar","2010","S08000020","NHS Grampian",12069,11749,320,97.3,2.7,11749,320
2010-03-01,"Mar","2010","S08000022","NHS Highland",7087,6968,119,98.3,1.7,6968,119
2010-03-01,"Mar","2010","S08000024","NHS Lothian",20623,19318,1305,93.7,6.3,19318,1305
2010-03-01,"Mar","2010","S08000025","NHS Orkney",226,226,0,100,0,226,0
2010-03-01,"Mar","2010","S08000026","NHS Shetland",681,679,2,99.7,0.3,679,2
2010-03-01,"Mar","2010","S08000028","NHS Western Isles",632,628,4,99.4,0.6,628,4
2010-03-01,"Mar","2010","S08000029","NHS Fife",7350,7150,200,97.3,2.7,7150,200
2010-03-01,"Mar","2010","S08000030","NHS Tayside",9220,9149,71,99.2,0.8,9149,71
2010-03-01,"Mar","2010","S08000031","NHS Greater Glasgow and Clyde",41119,39299,1820,95.6,4.4,39299,1820
2010-03-01,"Mar","2010","S08000032","NHS Lanarkshire",16164,15955,209,98.7,1.3,15955,209
2010-04-01,"Apr","2010","S08000015","NHS Ayrshire and Arran",9709,9506,203,97.9,2.1,9506,203
2010-04-01,"Apr","2010","S08000016","NHS Borders",2117,2099,18,99.1,0.9,2099,18
2010-04-01,"Apr","2010","S08000017","NHS Dumfries and Galloway",4419,4214,205,95.4,4.6,4214,205
2010-04-01,"Apr","2010","S08000019","NHS Forth Valley",6450,6150,300,95.3,4.7,6150,300
2010-04-01,"Apr","2010","S08000020","NHS Grampian",12097,11784,313,97.4,2.6,11784,313
2010-04-01,"Apr","2010","S08000022","NHS Highland",7740,7633,107,98.6,1.4,7633,107
2010-04-01,"Apr","2010","S08000024","NHS Lothian",19583,18601,982,95,5,18601,982
2010-04-01,"Apr","2010","S08000025","NHS Orkney",223,223,0,100,0,223,0
2010-04-01,"Apr","2010","S08000026","NHS Shetland",642,641,1,99.8,0.2,641,1
2010-04-01,"Apr","2010","S08000028","NHS Western Isles",650,647,3,99.5,0.5,647,3
2010-04-01,"Apr","2010","S08000029","NHS Fife",7358,7131,227,96.9,3.1,7131,227
2010-04-01,"Apr","2010","S08000030","NHS Tayside",9618,9571,47,99.5,0.5,9571,47
2010-04-01,"Apr","2010","S08000031","NHS Greater Glasgow and Clyde",39349,38061,1288,96.7,3.3,38061,1288
2010-04-01,"Apr","2010","S08000032","NHS Lanarkshire",16548,16338,210,98.7,1.3,16338,210
2010-05-01,"May","2010","S08000015","NHS Ayrshire and Arran",10558,10352,206,98,2,10352,206
2010-05-01,"May","2010","S08000016","NHS Borders",2315,2281,34,98.5,1.5,2281,34
2010-05-01,"May","2010","S08000017","NHS Dumfries and Galloway",4609,4361,248,94.6,5.4,4361,248
2010-05-01,"May","2010","S08000019","NHS Forth Valley",7167,6797,370,94.8,5.2,6797,370
2010-05-01,"May","2010","S08000020","NHS Grampian",12846,12707,139,98.9,1.1,12707,139
2010-05-01,"May","2010","S08000022","NHS Highland",9137,9015,122,98.7,1.3,9015,122
2010-05-01,"May","2010","S08000024","NHS Lothian",21256,20484,772,96.4,3.6,20484,772
2010-05-01,"May","2010","S08000025","NHS Orkney",321,319,2,99.4,0.6,319,2
2010-05-01,"May","2010","S08000026","NHS Shetland",804,804,0,100,0,804,0
2010-05-01,"May","2010","S08000028","NHS Western Isles",696,690,6,99.1,0.9,690,6
2010-05-01,"May","2010","S08000029","NHS Fife",8176,7802,374,95.4,4.6,7802,374
2010-05-01,"May","2010","S08000030","NHS Tayside",10737,10588,149,98.6,1.4,10588,149
2010-05-01,"May","2010","S08000031","NHS Greater Glasgow and Clyde",43022,41655,1367,96.8,3.2,41655,1367
2010-05-01,"May","2010","S08000032","NHS Lanarkshire",17886,17541,345,98.1,1.9,17541,345
2010-06-01,"Jun","2010","S08000015","NHS Ayrshire and Arran",10209,10015,194,98.1,1.9,10015,194
2010-06-01,"Jun","2010","S08000016","NHS Borders",2248,2207,41,98.2,1.8,2207,41
2010-06-01,"Jun","2010","S08000017","NHS Dumfries and Galloway",4512,4347,165,96.3,3.7,4347,165
2010-06-01,"Jun","2010","S08000019","NHS Forth Valley",6710,6391,319,95.2,4.8,6391,319
2010-06-01,"Jun","2010","S08000020","NHS Grampian",12527,12399,128,99,1,12399,128
2010-06-01,"Jun","2010","S08000022","NHS Highland",9062,8972,90,99,1,8972,90
2010-06-01,"Jun","2010","S08000024","NHS Lothian",20243,19303,940,95.4,4.6,19303,940
2010-06-01,"Jun","2010","S08000025","NHS Orkney",301,300,1,99.7,0.3,300,1
2010-06-01,"Jun","2010","S08000026","NHS Shetland",819,813,6,99.3,0.7,813,6
2010-06-01,"Jun","2010","S08000028","NHS Western Isles",723,722,1,99.9,0.1,722,1
2010-06-01,"Jun","2010","S08000029","NHS Fife",7828,7514,314,96,4,7514,314
2010-06-01,"Jun","2010","S08000030","NHS Tayside",9944,9875,69,99.3,0.7,9875,69
2010-06-01,"Jun","2010","S08000031","NHS Greater Glasgow and Clyde",40936,39758,1178,97.1,2.9,39758,1178
2010-06-01,"Jun","2010","S08000032","NHS Lanarkshire",16880,16607,273,98.4,1.6,16607,273
2010-07-01,"Jul","2010","S08000015","NHS Ayrshire and Arran",9762,9555,207,97.9,2.1,9555,207
2010-07-01,"Jul","2010","S08000016","NHS Borders",2142,2122,20,99.1,0.9,2122,20
2010-07-01,"Jul","2010","S08000017","NHS Dumfries and Galloway",4341,4188,153,96.5,3.5,4188,153
2010-07-01,"Jul","2010","S08000019","NHS Forth Valley",6175,6016,159,97.4,2.6,6016,159
2010-07-01,"Jul","2010","S08000020","NHS Grampian",11783,11681,102,99.1,0.9,11681,102
2010-07-01,"Jul","2010","S08000022","NHS Highland",8746,8666,80,99.1,0.9,8666,80
2010-07-01,"Jul","2010","S08000024","NHS Lothian",18818,18200,618,96.7,3.3,18200,618
2010-07-01,"Jul","2010","S08000025","NHS Orkney",293,291,2,99.3,0.7,291,2
2010-07-01,"Jul","2010","S08000026","NHS Shetland",727,725,2,99.7,0.3,725,2
2010-07-01,"Jul","2010","S08000028","NHS Western Isles",766,760,6,99.2,0.8,760,6
2010-07-01,"Jul","2010","S08000029","NHS Fife",7331,7028,303,95.9,4.1,7028,303
2010-07-01,"Jul","2010","S08000030","NHS Tayside",9694,9629,65,99.3,0.7,9629,65
2010-07-01,"Jul","2010","S08000031","NHS Greater Glasgow and Clyde",38048,37218,830,97.8,2.2,37218,830
2010-07-01,"Jul","2010","S08000032","NHS Lanarkshire",15956,15626,330,97.9,2.1,15626,330
2010-08-01,"Aug","2010","S08000015","NHS Ayrshire and Arran",10601,10132,469,95.6,4.4,10132,469
2010-08-01,"Aug","2010","S08000016","NHS Borders",2224,2185,39,98.2,1.8,2185,39
2010-08-01,"Aug","2010","S08000017","NHS Dumfries and Galloway",4552,4377,175,96.2,3.8,4377,175
2010-08-01,"Aug","2010","S08000019","NHS Forth Valley",6821,6639,182,97.3,2.7,6639,182
2010-08-01,"Aug","2010","S08000020","NHS Grampian",12467,12224,243,98.1,1.9,12224,243
2010-08-01,"Aug","2010","S08000022","NHS Highland",9240,9090,150,98.4,1.6,9090,150
2010-08-01,"Aug","2010","S08000024","NHS Lothian",20827,19765,1062,94.9,5.1,19765,1062
2010-08-01,"Aug","2010","S08000025","NHS Orkney",298,291,7,97.7,2.3,291,7
2010-08-01,"Aug","2010","S08000026","NHS Shetland",710,707,3,99.6,0.4,707,3
2010-08-01,"Aug","2010","S08000028","NHS Western Isles",724,715,9,98.8,1.2,715,9
2010-08-01,"Aug","2010","S08000029","NHS Fife",7559,7208,351,95.4,4.6,7208,351
2010-08-01,"Aug","2010","S08000030","NHS Tayside",10189,10060,129,98.7,1.3,10060,129
2010-08-01,"Aug","2010","S08000031","NHS Greater Glasgow and Clyde",41163,39981,1182,97.1,2.9,39981,1182
2010-08-01,"Aug","2010","S08000032","NHS Lanarkshire",16978,16591,387,97.7,2.3,16591,387
2010-09-01,"Sep","2010","S08000015","NHS Ayrshire and Arran",9704,9436,268,97.2,2.8,9436,268
2010-09-01,"Sep","2010","S08000016","NHS Borders",2156,2122,34,98.4,1.6,2122,34
2010-09-01,"Sep","2010","S08000017","NHS Dumfries and Galloway",4077,3904,173,95.8,4.2,3904,173
2010-09-01,"Sep","2010","S08000019","NHS Forth Valley",6444,6064,380,94.1,5.9,6064,380
2010-09-01,"Sep","2010","S08000020","NHS Grampian",12160,11970,190,98.4,1.6,11970,190
2010-09-01,"Sep","2010","S08000022","NHS Highland",8093,7987,106,98.7,1.3,7987,106
2010-09-01,"Sep","2010","S08000024","NHS Lothian",20138,19412,726,96.4,3.6,19412,726
2010-09-01,"Sep","2010","S08000025","NHS Orkney",289,289,0,100,0,289,0
2010-09-01,"Sep","2010","S08000026","NHS Shetland",713,712,1,99.9,0.1,712,1
2010-09-01,"Sep","2010","S08000028","NHS Western Isles",705,693,12,98.3,1.7,693,12
2010-09-01,"Sep","2010","S08000029","NHS Fife",7418,7040,378,94.9,5.1,7040,378
2010-09-01,"Sep","2010","S08000030","NHS Tayside",9593,9492,101,98.9,1.1,9492,101
2010-09-01,"Sep","2010","S08000031","NHS Greater Glasgow and Clyde",38938,37799,1139,97.1,2.9,37799,1139
2010-09-01,"Sep","2010","S08000032","NHS Lanarkshire",16202,15769,433,97.3,2.7,15769,433
2010-10-01,"Oct","2010","S08000015","NHS Ayrshire and Arran",9419,9233,186,98,2,9233,186
2010-10-01,"Oct","2010","S08000016","NHS Borders",2119,2078,41,98.1,1.9,2078,41
2010-10-01,"Oct","2010","S08000017","NHS Dumfries and Galloway",3795,3659,136,96.4,3.6,3659,136
2010-10-01,"Oct","2010","S08000019","NHS Forth Valley",6150,5768,382,93.8,6.2,5768,382
2010-10-01,"Oct","2010","S08000020","NHS Grampian",11485,11339,146,98.7,1.3,11339,146
2010-10-01,"Oct","2010","S08000022","NHS Highland",7319,7157,162,97.8,2.2,7157,162
2010-10-01,"Oct","2010","S08000024","NHS Lothian",19888,19233,655,96.7,3.3,19233,655
2010-10-01,"Oct","2010","S08000025","NHS Orkney",296,295,1,99.7,0.3,295,1
2010-10-01,"Oct","2010","S08000026","NHS Shetland",694,690,4,99.4,0.6,690,4
2010-10-01,"Oct","2010","S08000028","NHS Western Isles",665,656,9,98.6,1.4,656,9
2010-10-01,"Oct","2010","S08000029","NHS Fife",6978,6740,238,96.6,3.4,6740,238
2010-10-01,"Oct","2010","S08000030","NHS Tayside",9572,9503,69,99.3,0.7,9503,69
2010-10-01,"Oct","2010","S08000031","NHS Greater Glasgow and Clyde",37885,36282,1603,95.8,4.2,36282,1603
2010-10-01,"Oct","2010","S08000032","NHS Lanarkshire",15632,14994,638,95.9,4.1,14994,638
2010-11-01,"Nov","2010","S08000015","NHS Ayrshire and Arran",8810,8636,174,98,2,8636,174
2010-11-01,"Nov","2010","S08000016","NHS Borders",1896,1837,59,96.9,3.1,1837,59
2010-11-01,"Nov","2010","S08000017","NHS Dumfries and Galloway",3676,3541,135,96.3,3.7,3541,135
2010-11-01,"Nov","2010","S08000019","NHS Forth Valley",5424,5071,353,93.5,6.5,5071,353
2010-11-01,"Nov","2010","S08000020","NHS Grampian",10800,10541,259,97.6,2.4,10541,259
2010-11-01,"Nov","2010","S08000022","NHS Highland",6568,6448,120,98.2,1.8,6448,120
2010-11-01,"Nov","2010","S08000024","NHS Lothian",18578,18100,478,97.4,2.6,18100,478
2010-11-01,"Nov","2010","S08000025","NHS Orkney",188,188,0,100,0,188,0
2010-11-01,"Nov","2010","S08000026","NHS Shetland",608,608,0,100,0,608,0
2010-11-01,"Nov","2010","S08000028","NHS Western Isles",580,568,12,97.9,2.1,568,12
2010-11-01,"Nov","2010","S08000029","NHS Fife",6251,5870,381,93.9,6.1,5870,381
2010-11-01,"Nov","2010","S08000030","NHS Tayside",8311,8256,55,99.3,0.7,8256,55
2010-11-01,"Nov","2010","S08000031","NHS Greater Glasgow and Clyde",36743,34607,2136,94.2,5.8,34607,2136
2010-11-01,"Nov","2010","S08000032","NHS Lanarkshire",14586,13997,589,96,4,13997,589
2010-12-01,"Dec","2010","S08000015","NHS Ayrshire and Arran",9018,8819,199,97.8,2.2,8819,199
2010-12-01,"Dec","2010","S08000016","NHS Borders",1964,1856,108,94.5,5.5,1856,108
2010-12-01,"Dec","2010","S08000017","NHS Dumfries and Galloway",3772,3582,190,95,5,3582,190
2010-12-01,"Dec","2010","S08000019","NHS Forth Valley",5695,5168,527,90.7,9.3,5168,527
2010-12-01,"Dec","2010","S08000020","NHS Grampian",10428,10137,291,97.2,2.8,10137,291
2010-12-01,"Dec","2010","S08000022","NHS Highland",6597,6487,110,98.3,1.7,6487,110
2010-12-01,"Dec","2010","S08000024","NHS Lothian",18195,16982,1213,93.3,6.7,16982,1213
2010-12-01,"Dec","2010","S08000025","NHS Orkney",215,211,4,98.1,1.9,211,4
2010-12-01,"Dec","2010","S08000026","NHS Shetland",673,671,2,99.7,0.3,671,2
2010-12-01,"Dec","2010","S08000028","NHS Western Isles",607,592,15,97.5,2.5,592,15
2010-12-01,"Dec","2010","S08000029","NHS Fife",6408,5742,666,89.6,10.4,5742,666
2010-12-01,"Dec","2010","S08000030","NHS Tayside",8230,8136,94,98.9,1.1,8136,94
2010-12-01,"Dec","2010","S08000031","NHS Greater Glasgow and Clyde",36020,33742,2278,93.7,6.3,33742,2278
2010-12-01,"Dec","2010","S08000032","NHS Lanarkshire",13952,13356,596,95.7,4.3,13356,596
2011-01-01,"Jan","2011","S08000015","NHS Ayrshire and Arran",9707,9141,566,94.2,5.8,9141,566
2011-01-01,"Jan","2011","S08000016","NHS Borders",2252,2168,84,96.3,3.7,2168,84
2011-01-01,"Jan","2011","S08000017","NHS Dumfries and Galloway",4080,3880,200,95.1,4.9,3880,200
2011-01-01,"Jan","2011","S08000019","NHS Forth Valley",5989,5359,630,89.5,10.5,5359,630
2011-01-01,"Jan","2011","S08000020","NHS Grampian",11884,11509,375,96.8,3.2,11509,375
2011-01-01,"Jan","2011","S08000022","NHS Highland",7039,6906,133,98.1,1.9,6906,133
2011-01-01,"Jan","2011","S08000024","NHS Lothian",19662,18792,870,95.6,4.4,18792,870
2011-01-01,"Jan","2011","S08000025","NHS Orkney",217,217,0,100,0,217,0
2011-01-01,"Jan","2011","S08000026","NHS Shetland",692,685,7,99,1,685,7
2011-01-01,"Jan","2011","S08000028","NHS Western Isles",610,599,11,98.2,1.8,599,11
2011-01-01,"Jan","2011","S08000029","NHS Fife",7235,6524,711,90.2,9.8,6524,711
2011-01-01,"Jan","2011","S08000030","NHS Tayside",9706,9586,120,98.8,1.2,9586,120
2011-01-01,"Jan","2011","S08000031","NHS Greater Glasgow and Clyde",38747,35273,3474,91,9,35273,3474
2011-01-01,"Jan","2011","S08000032","NHS Lanarkshire",15871,14565,1306,91.8,8.2,14565,1306
2011-02-01,"Feb","2011","S08000015","NHS Ayrshire and Arran",8553,8122,431,95,5,8122,431
2011-02-01,"Feb","2011","S08000016","NHS Borders",1777,1729,48,97.3,2.7,1729,48
2011-02-01,"Feb","2011","S08000017","NHS Dumfries and Galloway",3560,3400,160,95.5,4.5,3400,160
2011-02-01,"Feb","2011","S08000019","NHS Forth Valley",5357,4946,411,92.3,7.7,4946,411
2011-02-01,"Feb","2011","S08000020","NHS Grampian",10324,10132,192,98.1,1.9,10132,192
2011-02-01,"Feb","2011","S08000022","NHS Highland",6465,6384,81,98.7,1.3,6384,81
2011-02-01,"Feb","2011","S08000024","NHS Lothian",18323,17796,527,97.1,2.9,17796,527
2011-02-01,"Feb","2011","S08000025","NHS Orkney",163,162,1,99.4,0.6,162,1
2011-02-01,"Feb","2011","S08000026","NHS Shetland",602,600,2,99.7,0.3,600,2
2011-02-01,"Feb","2011","S08000028","NHS Western Isles",572,551,21,96.3,3.7,551,21
2011-02-01,"Feb","2011","S08000029","NHS Fife",6300,5848,452,92.8,7.2,5848,452
2011-02-01,"Feb","2011","S08000030","NHS Tayside",8143,8092,51,99.4,0.6,8092,51
2011-02-01,"Feb","2011","S08000031","NHS Greater Glasgow and Clyde",35172,32275,2897,91.8,8.2,32275,2897
2011-02-01,"Feb","2011","S08000032","NHS Lanarkshire",14328,13578,750,94.8,5.2,13578,750
2011-03-01,"Mar","2011","S08000015","NHS Ayrshire and Arran",10038,9668,370,96.3,3.7,9668,370
2011-03-01,"Mar","2011","S08000016","NHS Borders",2275,2205,70,96.9,3.1,2205,70
2011-03-01,"Mar","2011","S08000017","NHS Dumfries and Galloway",3822,3659,163,95.7,4.3,3659,163
2011-03-01,"Mar","2011","S08000019","NHS Forth Valley",6224,5835,389,93.8,6.2,5835,389
2011-03-01,"Mar","2011","S08000020","NHS Grampian",12150,11910,240,98,2,11910,240
2011-03-01,"Mar","2011","S08000022","NHS Highland",7386,7294,92,98.8,1.2,7294,92
2011-03-01,"Mar","2011","S08000024","NHS Lothian",21245,20662,583,97.3,2.7,20662,583
2011-03-01,"Mar","2011","S08000025","NHS Orkney",252,251,1,99.6,0.4,251,1
2011-03-01,"Mar","2011","S08000026","NHS Shetland",685,684,1,99.9,0.1,684,1
2011-03-01,"Mar","2011","S08000028","NHS Western Isles",649,631,18,97.2,2.8,631,18
2011-03-01,"Mar","2011","S08000029","NHS Fife",7514,7021,493,93.4,6.6,7021,493
2011-03-01,"Mar","2011","S08000030","NHS Tayside",9032,8940,92,99,1,8940,92
2011-03-01,"Mar","2011","S08000031","NHS Greater Glasgow and Clyde",39935,37403,2532,93.7,6.3,37403,2532
2011-03-01,"Mar","2011","S08000032","NHS Lanarkshire",16783,15405,1378,91.8,8.2,15405,1378
2011-04-01,"Apr","2011","S08000015","NHS Ayrshire and Arran",10233,9964,269,97.4,2.6,9964,269
2011-04-01,"Apr","2011","S08000016","NHS Borders",2241,2211,30,98.7,1.3,2211,30
2011-04-01,"Apr","2011","S08000017","NHS Dumfries and Galloway",4149,3981,168,96,4,3981,168
2011-04-01,"Apr","2011","S08000019","NHS Forth Valley",6354,6053,301,95.3,4.7,6053,301
2011-04-01,"Apr","2011","S08000020","NHS Grampian",12529,12298,231,98.2,1.8,12298,231
2011-04-01,"Apr","2011","S08000022","NHS Highland",8439,8340,99,98.8,1.2,8340,99
2011-04-01,"Apr","2011","S08000024","NHS Lothian",20534,19901,633,96.9,3.1,19901,633
2011-04-01,"Apr","2011","S08000025","NHS Orkney",262,260,2,99.2,0.8,260,2
2011-04-01,"Apr","2011","S08000026","NHS Shetland",729,726,3,99.6,0.4,726,3
2011-04-01,"Apr","2011","S08000028","NHS Western Isles",704,687,17,97.6,2.4,687,17
2011-04-01,"Apr","2011","S08000029","NHS Fife",7938,7169,769,90.3,9.7,7169,769
2011-04-01,"Apr","2011","S08000030","NHS Tayside",10501,10368,133,98.7,1.3,10368,133
2011-04-01,"Apr","2011","S08000031","NHS Greater Glasgow and Clyde",38416,36453,1963,94.9,5.1,36453,1963
2011-04-01,"Apr","2011","S08000032","NHS Lanarkshire",16291,15173,1118,93.1,6.9,15173,1118
2011-05-01,"May","2011","S08000015","NHS Ayrshire and Arran",10491,10159,332,96.8,3.2,10159,332
2011-05-01,"May","2011","S08000016","NHS Borders",2349,2297,52,97.8,2.2,2297,52
2011-05-01,"May","2011","S08000017","NHS Dumfries and Galloway",4090,3917,173,95.8,4.2,3917,173
2011-05-01,"May","2011","S08000019","NHS Forth Valley",6696,6352,344,94.9,5.1,6352,344
2011-05-01,"May","2011","S08000020","NHS Grampian",13043,12803,240,98.2,1.8,12803,240
2011-05-01,"May","2011","S08000022","NHS Highland",8561,8458,103,98.8,1.2,8458,103
2011-05-01,"May","2011","S08000024","NHS Lothian",21399,20798,601,97.2,2.8,20798,601
2011-05-01,"May","2011","S08000025","NHS Orkney",301,301,0,100,0,301,0
2011-05-01,"May","2011","S08000026","NHS Shetland",790,789,1,99.9,0.1,789,1
2011-05-01,"May","2011","S08000028","NHS Western Isles",718,705,13,98.2,1.8,705,13
2011-05-01,"May","2011","S08000029","NHS Fife",7960,7391,569,92.9,7.1,7391,569
2011-05-01,"May","2011","S08000030","NHS Tayside",10485,10377,108,99,1,10377,108
2011-05-01,"May","2011","S08000031","NHS Greater Glasgow and Clyde",39638,37653,1985,95,5,37653,1985
2011-05-01,"May","2011","S08000032","NHS Lanarkshire",16789,15497,1292,92.3,7.7,15497,1292
2011-06-01,"Jun","2011","S08000015","NHS Ayrshire and Arran",10326,9928,398,96.1,3.9,9928,398
2011-06-01,"Jun","2011","S08000016","NHS Borders",2280,2256,24,98.9,1.1,2256,24
2011-06-01,"Jun","2011","S08000017","NHS Dumfries and Galloway",4023,3874,149,96.3,3.7,3874,149
2011-06-01,"Jun","2011","S08000019","NHS Forth Valley",6203,5834,369,94.1,5.9,5834,369
2011-06-01,"Jun","2011","S08000020","NHS Grampian",12059,11831,228,98.1,1.9,11831,228
2011-06-01,"Jun","2011","S08000022","NHS Highland",8524,8407,117,98.6,1.4,8407,117
2011-06-01,"Jun","2011","S08000024","NHS Lothian",20467,19791,676,96.7,3.3,19791,676
2011-06-01,"Jun","2011","S08000025","NHS Orkney",243,242,1,99.6,0.4,242,1
2011-06-01,"Jun","2011","S08000026","NHS Shetland",766,762,4,99.5,0.5,762,4
2011-06-01,"Jun","2011","S08000028","NHS Western Isles",742,731,11,98.5,1.5,731,11
2011-06-01,"Jun","2011","S08000029","NHS Fife",7700,7152,548,92.9,7.1,7152,548
2011-06-01,"Jun","2011","S08000030","NHS Tayside",9689,9567,122,98.7,1.3,9567,122
2011-06-01,"Jun","2011","S08000031","NHS Greater Glasgow and Clyde",37990,36328,1662,95.6,4.4,36328,1662
2011-06-01,"Jun","2011","S08000032","NHS Lanarkshire",16041,14861,1180,92.6,7.4,14861,1180
2011-07-01,"Jul","2011","S08000015","NHS Ayrshire and Arran",10540,10273,267,97.5,2.5,10273,267
2011-07-01,"Jul","2011","S08000016","NHS Borders",2213,2203,10,99.5,0.5,2203,10
2011-07-01,"Jul","2011","S08000017","NHS Dumfries and Galloway",4244,4114,130,96.9,3.1,4114,130
2011-07-01,"Jul","2011","S08000019","NHS Forth Valley",6441,6036,405,93.7,6.3,6036,405
2011-07-01,"Jul","2011","S08000020","NHS Grampian",12251,12054,197,98.4,1.6,12054,197
2011-07-01,"Jul","2011","S08000022","NHS Highland",9192,9098,94,99,1,9098,94
2011-07-01,"Jul","2011","S08000024","NHS Lothian",20387,19711,676,96.7,3.3,19711,676
2011-07-01,"Jul","2011","S08000025","NHS Orkney",256,255,1,99.6,0.4,255,1
2011-07-01,"Jul","2011","S08000026","NHS Shetland",803,801,2,99.8,0.2,801,2
2011-07-01,"Jul","2011","S08000028","NHS Western Isles",929,907,22,97.6,2.4,907,22
2011-07-01,"Jul","2011","S08000029","NHS Fife",8010,7626,384,95.2,4.8,7626,384
2011-07-01,"Jul","2011","S08000030","NHS Tayside",10028,9912,116,98.8,1.2,9912,116
2011-07-01,"Jul","2011","S08000031","NHS Greater Glasgow and Clyde",39332,38215,1117,97.2,2.8,38215,1117
2011-07-01,"Jul","2011","S08000032","NHS Lanarkshire",16273,15662,611,96.2,3.8,15662,611
2011-08-01,"Aug","2011","S08000015","NHS Ayrshire and Arran",10429,10024,405,96.1,3.9,10024,405
2011-08-01,"Aug","2011","S08000016","NHS Borders",2317,2292,25,98.9,1.1,2292,25
2011-08-01,"Aug","2011","S08000017","NHS Dumfries and Galloway",4233,4071,162,96.2,3.8,4071,162
2011-08-01,"Aug","2011","S08000019","NHS Forth Valley",6216,5900,316,94.9,5.1,5900,316
2011-08-01,"Aug","2011","S08000020","NHS Grampian",12378,12098,280,97.7,2.3,12098,280
2011-08-01,"Aug","2011","S08000022","NHS Highland",8906,8800,106,98.8,1.2,8800,106
2011-08-01,"Aug","2011","S08000024","NHS Lothian",20862,20367,495,97.6,2.4,20367,495
2011-08-01,"Aug","2011","S08000025","NHS Orkney",215,214,1,99.5,0.5,214,1
2011-08-01,"Aug","2011","S08000026","NHS Shetland",692,684,8,98.8,1.2,684,8
2011-08-01,"Aug","2011","S08000028","NHS Western Isles",847,837,10,98.8,1.2,837,10
2011-08-01,"Aug","2011","S08000029","NHS Fife",7729,7404,325,95.8,4.2,7404,325
2011-08-01,"Aug","2011","S08000030","NHS Tayside",9985,9881,104,99,1,9881,104
2011-08-01,"Aug","2011","S08000031","NHS Greater Glasgow and Clyde",38760,37640,1120,97.1,2.9,37640,1120
2011-08-01,"Aug","2011","S08000032","NHS Lanarkshire",16508,15649,859,94.8,5.2,15649,859
2011-09-01,"Sep","2011","S08000015","NHS Ayrshire and Arran",10019,9522,497,95,5,9522,497
2011-09-01,"Sep","2011","S08000016","NHS Borders",2187,2135,52,97.6,2.4,2135,52
2011-09-01,"Sep","2011","S08000017","NHS Dumfries and Galloway",3919,3717,202,94.8,5.2,3717,202
2011-09-01,"Sep","2011","S08000019","NHS Forth Valley",6218,5718,500,92,8,5718,500
2011-09-01,"Sep","2011","S08000020","NHS Grampian",12537,12192,345,97.2,2.8,12192,345
2011-09-01,"Sep","2011","S08000022","NHS Highland",8830,8715,115,98.7,1.3,8715,115
2011-09-01,"Sep","2011","S08000024","NHS Lothian",20629,20025,604,97.1,2.9,20025,604
2011-09-01,"Sep","2011","S08000025","NHS Orkney",142,141,1,99.3,0.7,141,1
2011-09-01,"Sep","2011","S08000026","NHS Shetland",637,635,2,99.7,0.3,635,2
2011-09-01,"Sep","2011","S08000028","NHS Western Isles",713,692,21,97.1,2.9,692,21
2011-09-01,"Sep","2011","S08000029","NHS Fife",7762,7207,555,92.8,7.2,7207,555
2011-09-01,"Sep","2011","S08000030","NHS Tayside",9782,9648,134,98.6,1.4,9648,134
2011-09-01,"Sep","2011","S08000031","NHS Greater Glasgow and Clyde",38910,37378,1532,96.1,3.9,37378,1532
2011-09-01,"Sep","2011","S08000032","NHS Lanarkshire",16276,15248,1028,93.7,6.3,15248,1028
2011-10-01,"Oct","2011","S08000015","NHS Ayrshire and Arran",9607,9136,471,95.1,4.9,9136,471
2011-10-01,"Oct","2011","S08000016","NHS Borders",2279,2240,39,98.3,1.7,2240,39
2011-10-01,"Oct","2011","S08000017","NHS Dumfries and Galloway",3788,3671,117,96.9,3.1,3671,117
2011-10-01,"Oct","2011","S08000019","NHS Forth Valley",5992,5698,294,95.1,4.9,5698,294
2011-10-01,"Oct","2011","S08000020","NHS Grampian",11900,11589,311,97.4,2.6,11589,311
2011-10-01,"Oct","2011","S08000022","NHS Highland",7616,7488,128,98.3,1.7,7488,128
2011-10-01,"Oct","2011","S08000024","NHS Lothian",20617,19937,680,96.7,3.3,19937,680
2011-10-01,"Oct","2011","S08000025","NHS Orkney",142,142,0,100,0,142,0
2011-10-01,"Oct","2011","S08000026","NHS Shetland",648,643,5,99.2,0.8,643,5
2011-10-01,"Oct","2011","S08000028","NHS Western Isles",683,661,22,96.8,3.2,661,22
2011-10-01,"Oct","2011","S08000029","NHS Fife",7420,6833,587,92.1,7.9,6833,587
2011-10-01,"Oct","2011","S08000030","NHS Tayside",9539,9478,61,99.4,0.6,9478,61
2011-10-01,"Oct","2011","S08000031","NHS Greater Glasgow and Clyde",38089,36053,2036,94.7,5.3,36053,2036
2011-10-01,"Oct","2011","S08000032","NHS Lanarkshire",16009,15242,767,95.2,4.8,15242,767
2011-11-01,"Nov","2011","S08000015","NHS Ayrshire and Arran",9140,8932,208,97.7,2.3,8932,208
2011-11-01,"Nov","2011","S08000016","NHS Borders",1979,1962,17,99.1,0.9,1962,17
2011-11-01,"Nov","2011","S08000017","NHS Dumfries and Galloway",3495,3377,118,96.6,3.4,3377,118
2011-11-01,"Nov","2011","S08000019","NHS Forth Valley",5621,5478,143,97.5,2.5,5478,143
2011-11-01,"Nov","2011","S08000020","NHS Grampian",11473,11182,291,97.5,2.5,11182,291
2011-11-01,"Nov","2011","S08000022","NHS Highland",7017,6934,83,98.8,1.2,6934,83
2011-11-01,"Nov","2011","S08000024","NHS Lothian",20115,19043,1072,94.7,5.3,19043,1072
2011-11-01,"Nov","2011","S08000025","NHS Orkney",167,163,4,97.6,2.4,163,4
2011-11-01,"Nov","2011","S08000026","NHS Shetland",631,629,2,99.7,0.3,629,2
2011-11-01,"Nov","2011","S08000028","NHS Western Isles",624,615,9,98.6,1.4,615,9
2011-11-01,"Nov","2011","S08000029","NHS Fife",6827,6317,510,92.5,7.5,6317,510
2011-11-01,"Nov","2011","S08000030","NHS Tayside",8615,8491,124,98.6,1.4,8491,124
2011-11-01,"Nov","2011","S08000031","NHS Greater Glasgow and Clyde",36562,34981,1581,95.7,4.3,34981,1581
2011-11-01,"Nov","2011","S08000032","NHS Lanarkshire",15123,14529,594,96.1,3.9,14529,594
2011-12-01,"Dec","2011","S08000015","NHS Ayrshire and Arran",9310,8791,519,94.4,5.6,8791,519
2011-12-01,"Dec","2011","S08000016","NHS Borders",2032,1988,44,97.8,2.2,1988,44
2011-12-01,"Dec","2011","S08000017","NHS Dumfries and Galloway",3461,3328,133,96.2,3.8,3328,133
2011-12-01,"Dec","2011","S08000019","NHS Forth Valley",5718,5359,359,93.7,6.3,5359,359
2011-12-01,"Dec","2011","S08000020","NHS Grampian",11973,11600,373,96.9,3.1,11600,373
2011-12-01,"Dec","2011","S08000022","NHS Highland",7229,7113,116,98.4,1.6,7113,116
2011-12-01,"Dec","2011","S08000024","NHS Lothian",19744,18413,1331,93.3,6.7,18413,1331
2011-12-01,"Dec","2011","S08000025","NHS Orkney",170,168,2,98.8,1.2,168,2
2011-12-01,"Dec","2011","S08000026","NHS Shetland",643,640,3,99.5,0.5,640,3
2011-12-01,"Dec","2011","S08000028","NHS Western Isles",708,680,28,96,4,680,28
2011-12-01,"Dec","2011","S08000029","NHS Fife",7106,5999,1107,84.4,15.6,5999,1107
2011-12-01,"Dec","2011","S08000030","NHS Tayside",9215,9073,142,98.5,1.5,9073,142
2011-12-01,"Dec","2011","S08000031","NHS Greater Glasgow and Clyde",36707,34836,1871,94.9,5.1,34836,1871
2011-12-01,"Dec","2011","S08000032","NHS Lanarkshire",15235,14471,764,95,5,14471,764
2012-01-01,"Jan","2012","S08000015","NHS Ayrshire and Arran",9488,8921,567,94,6,8921,567
2012-01-01,"Jan","2012","S08000016","NHS Borders",2122,2043,79,96.3,3.7,2043,79
2012-01-01,"Jan","2012","S08000017","NHS Dumfries and Galloway",3668,3487,181,95.1,4.9,3487,181
2012-01-01,"Jan","2012","S08000019","NHS Forth Valley",5872,5511,361,93.9,6.1,5511,361
2012-01-01,"Jan","2012","S08000020","NHS Grampian",11240,10747,493,95.6,4.4,10747,493
2012-01-01,"Jan","2012","S08000022","NHS Highland",6933,6806,127,98.2,1.8,6806,127
2012-01-01,"Jan","2012","S08000024","NHS Lothian",19902,18309,1593,92,8,18309,1593
2012-01-01,"Jan","2012","S08000025","NHS Orkney",197,193,4,98,2,193,4
2012-01-01,"Jan","2012","S08000026","NHS Shetland",633,630,3,99.5,0.5,630,3
2012-01-01,"Jan","2012","S08000028","NHS Western Isles",629,612,17,97.3,2.7,612,17
2012-01-01,"Jan","2012","S08000029","NHS Fife",6872,6087,785,88.6,11.4,6087,785
2012-01-01,"Jan","2012","S08000030","NHS Tayside",8881,8767,114,98.7,1.3,8767,114
2012-01-01,"Jan","2012","S08000031","NHS Greater Glasgow and Clyde",37014,34746,2268,93.9,6.1,34746,2268
2012-01-01,"Jan","2012","S08000032","NHS Lanarkshire",15579,14865,714,95.4,4.6,14865,714
2012-02-01,"Feb","2012","S08000015","NHS Ayrshire and Arran",9107,8682,425,95.3,4.7,8682,425
2012-02-01,"Feb","2012","S08000016","NHS Borders",2083,2006,77,96.3,3.7,2006,77
2012-02-01,"Feb","2012","S08000017","NHS Dumfries and Galloway",3522,3368,154,95.6,4.4,3368,154
2012-02-01,"Feb","2012","S08000019","NHS Forth Valley",5615,5264,351,93.7,6.3,5264,351
2012-02-01,"Feb","2012","S08000020","NHS Grampian",11304,10936,368,96.7,3.3,10936,368
2012-02-01,"Feb","2012","S08000022","NHS Highland",6761,6601,160,97.6,2.4,6601,160
2012-02-01,"Feb","2012","S08000024","NHS Lothian",19686,17826,1860,90.6,9.4,17826,1860
2012-02-01,"Feb","2012","S08000025","NHS Orkney",189,188,1,99.5,0.5,188,1
2012-02-01,"Feb","2012","S08000026","NHS Shetland",603,601,2,99.7,0.3,601,2
2012-02-01,"Feb","2012","S08000028","NHS Western Isles",634,620,14,97.8,2.2,620,14
2012-02-01,"Feb","2012","S08000029","NHS Fife",6702,5934,768,88.5,11.5,5934,768
2012-02-01,"Feb","2012","S08000030","NHS Tayside",8678,8608,70,99.2,0.8,8608,70
2012-02-01,"Feb","2012","S08000031","NHS Greater Glasgow and Clyde",36704,34632,2072,94.4,5.6,34632,2072
2012-02-01,"Feb","2012","S08000032","NHS Lanarkshire",15424,14686,738,95.2,4.8,14686,738
2012-03-01,"Mar","2012","S08000015","NHS Ayrshire and Arran",10845,10311,534,95.1,4.9,10311,534
2012-03-01,"Mar","2012","S08000016","NHS Borders",2446,2358,88,96.4,3.6,2358,88
2012-03-01,"Mar","2012","S08000017","NHS Dumfries and Galloway",4221,3972,249,94.1,5.9,3972,249
2012-03-01,"Mar","2012","S08000019","NHS Forth Valley",6888,6356,532,92.3,7.7,6356,532
2012-03-01,"Mar","2012","S08000020","NHS Grampian",13425,13042,383,97.1,2.9,13042,383
2012-03-01,"Mar","2012","S08000022","NHS Highland",8006,7879,127,98.4,1.6,7879,127
2012-03-01,"Mar","2012","S08000024","NHS Lothian",22715,21217,1498,93.4,6.6,21217,1498
2012-03-01,"Mar","2012","S08000025","NHS Orkney",207,206,1,99.5,0.5,206,1
2012-03-01,"Mar","2012","S08000026","NHS Shetland",665,664,1,99.8,0.2,664,1
2012-03-01,"Mar","2012","S08000028","NHS Western Isles",746,729,17,97.7,2.3,729,17
2012-03-01,"Mar","2012","S08000029","NHS Fife",7771,7306,465,94,6,7306,465
2012-03-01,"Mar","2012","S08000030","NHS Tayside",9824,9730,94,99,1,9730,94
2012-03-01,"Mar","2012","S08000031","NHS Greater Glasgow and Clyde",42090,39972,2118,95,5,39972,2118
2012-03-01,"Mar","2012","S08000032","NHS Lanarkshire",17826,17102,724,95.9,4.1,17102,724
2012-04-01,"Apr","2012","S08000015","NHS Ayrshire and Arran",10407,9752,655,93.7,6.3,9752,655
2012-04-01,"Apr","2012","S08000016","NHS Borders",2224,2071,153,93.1,6.9,2071,153
2012-04-01,"Apr","2012","S08000017","NHS Dumfries and Galloway",4184,3882,302,92.8,7.2,3882,302
2012-04-01,"Apr","2012","S08000019","NHS Forth Valley",6343,5927,416,93.4,6.6,5927,416
2012-04-01,"Apr","2012","S08000020","NHS Grampian",11570,11109,461,96,4,11109,461
2012-04-01,"Apr","2012","S08000022","NHS Highland",8123,7957,166,98,2,7957,166
2012-04-01,"Apr","2012","S08000024","NHS Lothian",20541,18677,1864,90.9,9.1,18677,1864
2012-04-01,"Apr","2012","S08000025","NHS Orkney",254,253,1,99.6,0.4,253,1
2012-04-01,"Apr","2012","S08000026","NHS Shetland",636,633,3,99.5,0.5,633,3
2012-04-01,"Apr","2012","S08000028","NHS Western Isles",745,729,16,97.9,2.1,729,16
2012-04-01,"Apr","2012","S08000029","NHS Fife",7193,6636,557,92.3,7.7,6636,557
2012-04-01,"Apr","2012","S08000030","NHS Tayside",9156,9061,95,99,1,9061,95
2012-04-01,"Apr","2012","S08000031","NHS Greater Glasgow and Clyde",39586,37189,2397,93.9,6.1,37189,2397
2012-04-01,"Apr","2012","S08000032","NHS Lanarkshire",16375,15548,827,94.9,5.1,15548,827
2012-05-01,"May","2012","S08000015","NHS Ayrshire and Arran",11138,10080,1058,90.5,9.5,10080,1058
2012-05-01,"May","2012","S08000016","NHS Borders",2311,2250,61,97.4,2.6,2250,61
2012-05-01,"May","2012","S08000017","NHS Dumfries and Galloway",4242,3968,274,93.5,6.5,3968,274
2012-05-01,"May","2012","S08000019","NHS Forth Valley",6792,6278,514,92.4,7.6,6278,514
2012-05-01,"May","2012","S08000020","NHS Grampian",13184,12758,426,96.8,3.2,12758,426
2012-05-01,"May","2012","S08000022","NHS Highland",8884,8671,213,97.6,2.4,8671,213
2012-05-01,"May","2012","S08000024","NHS Lothian",21855,20292,1563,92.8,7.2,20292,1563
2012-05-01,"May","2012","S08000025","NHS Orkney",301,296,5,98.3,1.7,296,5
2012-05-01,"May","2012","S08000026","NHS Shetland",705,700,5,99.3,0.7,700,5
2012-05-01,"May","2012","S08000028","NHS Western Isles",770,761,9,98.8,1.2,761,9
2012-05-01,"May","2012","S08000029","NHS Fife",7826,7536,290,96.3,3.7,7536,290
2012-05-01,"May","2012","S08000030","NHS Tayside",10224,10054,170,98.3,1.7,10054,170
2012-05-01,"May","2012","S08000031","NHS Greater Glasgow and Clyde",42393,39953,2440,94.2,5.8,39953,2440
2012-05-01,"May","2012","S08000032","NHS Lanarkshire",17522,16644,878,95,5,16644,878
2012-06-01,"Jun","2012","S08000015","NHS Ayrshire and Arran",10457,9757,700,93.3,6.7,9757,700
2012-06-01,"Jun","2012","S08000016","NHS Borders",2203,2179,24,98.9,1.1,2179,24
2012-06-01,"Jun","2012","S08000017","NHS Dumfries and Galloway",4090,3900,190,95.4,4.6,3900,190
2012-06-01,"Jun","2012","S08000019","NHS Forth Valley",6370,6119,251,96.1,3.9,6119,251
2012-06-01,"Jun","2012","S08000020","NHS Grampian",12160,11821,339,97.2,2.8,11821,339
2012-06-01,"Jun","2012","S08000022","NHS Highland",8732,8574,158,98.2,1.8,8574,158
2012-06-01,"Jun","2012","S08000024","NHS Lothian",21166,19450,1716,91.9,8.1,19450,1716
2012-06-01,"Jun","2012","S08000025","NHS Orkney",326,321,5,98.5,1.5,321,5
2012-06-01,"Jun","2012","S08000026","NHS Shetland",719,715,4,99.4,0.6,715,4
2012-06-01,"Jun","2012","S08000028","NHS Western Isles",820,802,18,97.8,2.2,802,18
2012-06-01,"Jun","2012","S08000029","NHS Fife",7248,6927,321,95.6,4.4,6927,321
2012-06-01,"Jun","2012","S08000030","NHS Tayside",9627,9535,92,99,1,9535,92
2012-06-01,"Jun","2012","S08000031","NHS Greater Glasgow and Clyde",38647,36500,2147,94.4,5.6,36500,2147
2012-06-01,"Jun","2012","S08000032","NHS Lanarkshire",16286,15430,856,94.7,5.3,15430,856
2012-07-01,"Jul","2012","S08000015","NHS Ayrshire and Arran",10216,9852,364,96.4,3.6,9852,364
2012-07-01,"Jul","2012","S08000016","NHS Borders",2227,2169,58,97.4,2.6,2169,58
2012-07-01,"Jul","2012","S08000017","NHS Dumfries and Galloway",4170,3878,292,93,7,3878,292
2012-07-01,"Jul","2012","S08000019","NHS Forth Valley",6203,5919,284,95.4,4.6,5919,284
2012-07-01,"Jul","2012","S08000020","NHS Grampian",12015,11692,323,97.3,2.7,11692,323
2012-07-01,"Jul","2012","S08000022","NHS Highland",8827,8658,169,98.1,1.9,8658,169
2012-07-01,"Jul","2012","S08000024","NHS Lothian",20197,19097,1100,94.6,5.4,19097,1100
2012-07-01,"Jul","2012","S08000025","NHS Orkney",277,271,6,97.8,2.2,271,6
2012-07-01,"Jul","2012","S08000026","NHS Shetland",712,708,4,99.4,0.6,708,4
2012-07-01,"Jul","2012","S08000028","NHS Western Isles",822,812,10,98.8,1.2,812,10
2012-07-01,"Jul","2012","S08000029","NHS Fife",7154,7036,118,98.4,1.6,7036,118
2012-07-01,"Jul","2012","S08000030","NHS Tayside",9601,9518,83,99.1,0.9,9518,83
2012-07-01,"Jul","2012","S08000031","NHS Greater Glasgow and Clyde",37497,35885,1612,95.7,4.3,35885,1612
2012-07-01,"Jul","2012","S08000032","NHS Lanarkshire",15589,14858,731,95.3,4.7,14858,731
2012-08-01,"Aug","2012","S08000015","NHS Ayrshire and Arran",10960,10319,641,94.2,5.8,10319,641
2012-08-01,"Aug","2012","S08000016","NHS Borders",2303,2257,46,98,2,2257,46
2012-08-01,"Aug","2012","S08000017","NHS Dumfries and Galloway",4379,4113,266,93.9,6.1,4113,266
2012-08-01,"Aug","2012","S08000019","NHS Forth Valley",6552,6194,358,94.5,5.5,6194,358
2012-08-01,"Aug","2012","S08000020","NHS Grampian",12796,12369,427,96.7,3.3,12369,427
2012-08-01,"Aug","2012","S08000022","NHS Highland",9635,9455,180,98.1,1.9,9455,180
2012-08-01,"Aug","2012","S08000024","NHS Lothian",21738,20245,1493,93.1,6.9,20245,1493
2012-08-01,"Aug","2012","S08000025","NHS Orkney",336,332,4,98.8,1.2,332,4
2012-08-01,"Aug","2012","S08000026","NHS Shetland",666,666,0,100,0,666,0
2012-08-01,"Aug","2012","S08000028","NHS Western Isles",804,793,11,98.6,1.4,793,11
2012-08-01,"Aug","2012","S08000029","NHS Fife",7965,7876,89,98.9,1.1,7876,89
2012-08-01,"Aug","2012","S08000030","NHS Tayside",10216,10095,121,98.8,1.2,10095,121
2012-08-01,"Aug","2012","S08000031","NHS Greater Glasgow and Clyde",39602,37873,1729,95.6,4.4,37873,1729
2012-08-01,"Aug","2012","S08000032","NHS Lanarkshire",16983,15763,1220,92.8,7.2,15763,1220
2012-09-01,"Sep","2012","S08000015","NHS Ayrshire and Arran",10151,9548,603,94.1,5.9,9548,603
2012-09-01,"Sep","2012","S08000016","NHS Borders",2516,2447,69,97.3,2.7,2447,69
2012-09-01,"Sep","2012","S08000017","NHS Dumfries and Galloway",4101,3816,285,93.1,6.9,3816,285
2012-09-01,"Sep","2012","S08000019","NHS Forth Valley",6395,5867,528,91.7,8.3,5867,528
2012-09-01,"Sep","2012","S08000020","NHS Grampian",13068,12745,323,97.5,2.5,12745,323
2012-09-01,"Sep","2012","S08000022","NHS Highland",8376,8200,176,97.9,2.1,8200,176
2012-09-01,"Sep","2012","S08000024","NHS Lothian",21167,19610,1557,92.6,7.4,19610,1557
2012-09-01,"Sep","2012","S08000025","NHS Orkney",250,247,3,98.8,1.2,247,3
2012-09-01,"Sep","2012","S08000026","NHS Shetland",614,606,8,98.7,1.3,606,8
2012-09-01,"Sep","2012","S08000028","NHS Western Isles",681,671,10,98.5,1.5,671,10
2012-09-01,"Sep","2012","S08000029","NHS Fife",7612,7528,84,98.9,1.1,7528,84
2012-09-01,"Sep","2012","S08000030","NHS Tayside",9874,9795,79,99.2,0.8,9795,79
2012-09-01,"Sep","2012","S08000031","NHS Greater Glasgow and Clyde",38220,36365,1855,95.1,4.9,36365,1855
2012-09-01,"Sep","2012","S08000032","NHS Lanarkshire",16118,14705,1413,91.2,8.8,14705,1413
2012-10-01,"Oct","2012","S08000015","NHS Ayrshire and Arran",9929,9169,760,92.3,7.7,9169,760
2012-10-01,"Oct","2012","S08000016","NHS Borders",2106,2075,31,98.5,1.5,2075,31
2012-10-01,"Oct","2012","S08000017","NHS Dumfries and Galloway",3807,3576,231,93.9,6.1,3576,231
2012-10-01,"Oct","2012","S08000019","NHS Forth Valley",6289,5674,615,90.2,9.8,5674,615
2012-10-01,"Oct","2012","S08000020","NHS Grampian",11677,11274,403,96.5,3.5,11274,403
2012-10-01,"Oct","2012","S08000022","NHS Highland",7444,7246,198,97.3,2.7,7246,198
2012-10-01,"Oct","2012","S08000024","NHS Lothian",20865,19303,1562,92.5,7.5,19303,1562
2012-10-01,"Oct","2012","S08000025","NHS Orkney",298,294,4,98.7,1.3,294,4
2012-10-01,"Oct","2012","S08000026","NHS Shetland",610,605,5,99.2,0.8,605,5
2012-10-01,"Oct","2012","S08000028","NHS Western Isles",652,639,13,98,2,639,13
2012-10-01,"Oct","2012","S08000029","NHS Fife",7101,6889,212,97,3,6889,212
2012-10-01,"Oct","2012","S08000030","NHS Tayside",8911,8846,65,99.3,0.7,8846,65
2012-10-01,"Oct","2012","S08000031","NHS Greater Glasgow and Clyde",37924,35996,1928,94.9,5.1,35996,1928
2012-10-01,"Oct","2012","S08000032","NHS Lanarkshire",15811,14355,1456,90.8,9.2,14355,1456
2012-11-01,"Nov","2012","S08000015","NHS Ayrshire and Arran",9399,8845,554,94.1,5.9,8845,554
2012-11-01,"Nov","2012","S08000016","NHS Borders",2089,1999,90,95.7,4.3,1999,90
2012-11-01,"Nov","2012","S08000017","NHS Dumfries and Galloway",3423,3287,136,96,4,3287,136
2012-11-01,"Nov","2012","S08000019","NHS Forth Valley",5681,5345,336,94.1,5.9,5345,336
2012-11-01,"Nov","2012","S08000020","NHS Grampian",11525,11020,505,95.6,4.4,11020,505
2012-11-01,"Nov","2012","S08000022","NHS Highland",6881,6739,142,97.9,2.1,6739,142
2012-11-01,"Nov","2012","S08000024","NHS Lothian",20470,17901,2569,87.4,12.6,17901,2569
2012-11-01,"Nov","2012","S08000025","NHS Orkney",292,284,8,97.3,2.7,284,8
2012-11-01,"Nov","2012","S08000026","NHS Shetland",627,621,6,99,1,621,6
2012-11-01,"Nov","2012","S08000028","NHS Western Isles",647,633,14,97.8,2.2,633,14
2012-11-01,"Nov","2012","S08000029","NHS Fife",7026,6582,444,93.7,6.3,6582,444
2012-11-01,"Nov","2012","S08000030","NHS Tayside",8384,8318,66,99.2,0.8,8318,66
2012-11-01,"Nov","2012","S08000031","NHS Greater Glasgow and Clyde",36807,34866,1941,94.7,5.3,34866,1941
2012-11-01,"Nov","2012","S08000032","NHS Lanarkshire",15145,13564,1581,89.6,10.4,13564,1581
2012-12-01,"Dec","2012","S08000015","NHS Ayrshire and Arran",9848,8643,1205,87.8,12.2,8643,1205
2012-12-01,"Dec","2012","S08000016","NHS Borders",2138,2029,109,94.9,5.1,2029,109
2012-12-01,"Dec","2012","S08000017","NHS Dumfries and Galloway",3692,3518,174,95.3,4.7,3518,174
2012-12-01,"Dec","2012","S08000019","NHS Forth Valley",5939,5098,841,85.8,14.2,5098,841
2012-12-01,"Dec","2012","S08000020","NHS Grampian",12507,11789,718,94.3,5.7,11789,718
2012-12-01,"Dec","2012","S08000022","NHS Highland",7415,7255,160,97.8,2.2,7255,160
2012-12-01,"Dec","2012","S08000024","NHS Lothian",20824,17949,2875,86.2,13.8,17949,2875
2012-12-01,"Dec","2012","S08000025","NHS Orkney",281,277,4,98.6,1.4,277,4
2012-12-01,"Dec","2012","S08000026","NHS Shetland",642,634,8,98.8,1.2,634,8
2012-12-01,"Dec","2012","S08000028","NHS Western Isles",576,566,10,98.3,1.7,566,10
2012-12-01,"Dec","2012","S08000029","NHS Fife",6954,6334,620,91.1,8.9,6334,620
2012-12-01,"Dec","2012","S08000030","NHS Tayside",8861,8721,140,98.4,1.6,8721,140
2012-12-01,"Dec","2012","S08000031","NHS Greater Glasgow and Clyde",37205,33624,3581,90.4,9.6,33624,3581
2012-12-01,"Dec","2012","S08000032","NHS Lanarkshire",15571,13146,2425,84.4,15.6,13146,2425
2013-01-01,"Jan","2013","S08000015","NHS Ayrshire and Arran",9480,8074,1406,85.2,14.8,8074,1406
2013-01-01,"Jan","2013","S08000016","NHS Borders",2044,1953,91,95.5,4.5,1953,91
2013-01-01,"Jan","2013","S08000017","NHS Dumfries and Galloway",3622,3377,245,93.2,6.8,3377,245
2013-01-01,"Jan","2013","S08000019","NHS Forth Valley",5533,4831,702,87.3,12.7,4831,702
2013-01-01,"Jan","2013","S08000020","NHS Grampian",11128,10555,573,94.9,5.1,10555,573
2013-01-01,"Jan","2013","S08000022","NHS Highland",6959,6772,187,97.3,2.7,6772,187
2013-01-01,"Jan","2013","S08000024","NHS Lothian",19824,17490,2334,88.2,11.8,17490,2334
2013-01-01,"Jan","2013","S08000025","NHS Orkney",243,238,5,97.9,2.1,238,5
2013-01-01,"Jan","2013","S08000026","NHS Shetland",681,672,9,98.7,1.3,672,9
2013-01-01,"Jan","2013","S08000028","NHS Western Isles",596,583,13,97.8,2.2,583,13
2013-01-01,"Jan","2013","S08000029","NHS Fife",6462,5990,472,92.7,7.3,5990,472
2013-01-01,"Jan","2013","S08000030","NHS Tayside",8151,8071,80,99,1,8071,80
2013-01-01,"Jan","2013","S08000031","NHS Greater Glasgow and Clyde",35875,31493,4382,87.8,12.2,31493,4382
2013-01-01,"Jan","2013","S08000032","NHS Lanarkshire",15090,12598,2492,83.5,16.5,12598,2492
2013-02-01,"Feb","2013","S08000015","NHS Ayrshire and Arran",8880,7825,1055,88.1,11.9,7825,1055
2013-02-01,"Feb","2013","S08000016","NHS Borders",1915,1855,60,96.9,3.1,1855,60
2013-02-01,"Feb","2013","S08000017","NHS Dumfries and Galloway",3494,3301,193,94.5,5.5,3301,193
2013-02-01,"Feb","2013","S08000019","NHS Forth Valley",5513,5026,487,91.2,8.8,5026,487
2013-02-01,"Feb","2013","S08000020","NHS Grampian",11204,10757,447,96,4,10757,447
2013-02-01,"Feb","2013","S08000022","NHS Highland",6861,6688,173,97.5,2.5,6688,173
2013-02-01,"Feb","2013","S08000024","NHS Lothian",18568,16922,1646,91.1,8.9,16922,1646
2013-02-01,"Feb","2013","S08000025","NHS Orkney",233,226,7,97,3,226,7
2013-02-01,"Feb","2013","S08000026","NHS Shetland",548,546,2,99.6,0.4,546,2
2013-02-01,"Feb","2013","S08000028","NHS Western Isles",598,590,8,98.7,1.3,590,8
2013-02-01,"Feb","2013","S08000029","NHS Fife",6435,5938,497,92.3,7.7,5938,497
2013-02-01,"Feb","2013","S08000030","NHS Tayside",7931,7810,121,98.5,1.5,7810,121
2013-02-01,"Feb","2013","S08000031","NHS Greater Glasgow and Clyde",34201,30459,3742,89.1,10.9,30459,3742
2013-02-01,"Feb","2013","S08000032","NHS Lanarkshire",14312,12976,1336,90.7,9.3,12976,1336
2013-03-01,"Mar","2013","S08000015","NHS Ayrshire and Arran",10088,9035,1053,89.6,10.4,9035,1053
2013-03-01,"Mar","2013","S08000016","NHS Borders",2216,2149,67,97,3,2149,67
2013-03-01,"Mar","2013","S08000017","NHS Dumfries and Galloway",3897,3665,232,94,6,3665,232
2013-03-01,"Mar","2013","S08000019","NHS Forth Valley",5647,4947,700,87.6,12.4,4947,700
2013-03-01,"Mar","2013","S08000020","NHS Grampian",12497,11903,594,95.2,4.8,11903,594
2013-03-01,"Mar","2013","S08000022","NHS Highland",7844,7654,190,97.6,2.4,7654,190
2013-03-01,"Mar","2013","S08000024","NHS Lothian",20487,18047,2440,88.1,11.9,18047,2440
2013-03-01,"Mar","2013","S08000025","NHS Orkney",276,272,4,98.6,1.4,272,4
2013-03-01,"Mar","2013","S08000026","NHS Shetland",650,647,3,99.5,0.5,647,3
2013-03-01,"Mar","2013","S08000028","NHS Western Isles",634,627,7,98.9,1.1,627,7
2013-03-01,"Mar","2013","S08000029","NHS Fife",7083,6865,218,96.9,3.1,6865,218
2013-03-01,"Mar","2013","S08000030","NHS Tayside",8767,8656,111,98.7,1.3,8656,111
2013-03-01,"Mar","2013","S08000031","NHS Greater Glasgow and Clyde",38180,34205,3975,89.6,10.4,34205,3975
2013-03-01,"Mar","2013","S08000032","NHS Lanarkshire",15588,14304,1284,91.8,8.2,14304,1284
2013-04-01,"Apr","2013","S08000015","NHS Ayrshire and Arran",10269,9114,1155,88.8,11.2,9114,1155
2013-04-01,"Apr","2013","S08000016","NHS Borders",2306,2220,86,96.3,3.7,2220,86
2013-04-01,"Apr","2013","S08000017","NHS Dumfries and Galloway",3894,3678,216,94.5,5.5,3678,216
2013-04-01,"Apr","2013","S08000019","NHS Forth Valley",6000,5218,782,87,13,5218,782
2013-04-01,"Apr","2013","S08000020","NHS Grampian",12516,11863,653,94.8,5.2,11863,653
2013-04-01,"Apr","2013","S08000022","NHS Highland",7865,7673,192,97.6,2.4,7673,192
2013-04-01,"Apr","2013","S08000024","NHS Lothian",20882,18496,2386,88.6,11.4,18496,2386
2013-04-01,"Apr","2013","S08000025","NHS Orkney",245,240,5,98,2,240,5
2013-04-01,"Apr","2013","S08000026","NHS Shetland",630,627,3,99.5,0.5,627,3
2013-04-01,"Apr","2013","S08000028","NHS Western Isles",631,619,12,98.1,1.9,619,12
2013-04-01,"Apr","2013","S08000029","NHS Fife",7311,6833,478,93.5,6.5,6833,478
2013-04-01,"Apr","2013","S08000030","NHS Tayside",9208,9096,112,98.8,1.2,9096,112
2013-04-01,"Apr","2013","S08000031","NHS Greater Glasgow and Clyde",37888,34526,3362,91.1,8.9,34526,3362
2013-04-01,"Apr","2013","S08000032","NHS Lanarkshire",15897,13976,1921,87.9,12.1,13976,1921
2013-05-01,"May","2013","S08000015","NHS Ayrshire and Arran",10545,9726,819,92.2,7.8,9726,819
2013-05-01,"May","2013","S08000016","NHS Borders",2199,2180,19,99.1,0.9,2180,19
2013-05-01,"May","2013","S08000017","NHS Dumfries and Galloway",4100,3884,216,94.7,5.3,3884,216
2013-05-01,"May","2013","S08000019","NHS Forth Valley",6616,6363,253,96.2,3.8,6363,253
2013-05-01,"May","2013","S08000020","NHS Grampian",13388,13014,374,97.2,2.8,13014,374
2013-05-01,"May","2013","S08000022","NHS Highland",8699,8467,232,97.3,2.7,8467,232
2013-05-01,"May","2013","S08000024","NHS Lothian",21539,20446,1093,94.9,5.1,20446,1093
2013-05-01,"May","2013","S08000025","NHS Orkney",332,325,7,97.9,2.1,325,7
2013-05-01,"May","2013","S08000026","NHS Shetland",706,690,16,97.7,2.3,690,16
2013-05-01,"May","2013","S08000028","NHS Western Isles",692,688,4,99.4,0.6,688,4
2013-05-01,"May","2013","S08000029","NHS Fife",7655,7393,262,96.6,3.4,7393,262
2013-05-01,"May","2013","S08000030","NHS Tayside",9923,9865,58,99.4,0.6,9865,58
2013-05-01,"May","2013","S08000031","NHS Greater Glasgow and Clyde",39185,36216,2969,92.4,7.6,36216,2969
2013-05-01,"May","2013","S08000032","NHS Lanarkshire",16459,15074,1385,91.6,8.4,15074,1385
2013-06-01,"Jun","2013","S08000015","NHS Ayrshire and Arran",10336,9590,746,92.8,7.2,9590,746
2013-06-01,"Jun","2013","S08000016","NHS Borders",2199,2184,15,99.3,0.7,2184,15
2013-06-01,"Jun","2013","S08000017","NHS Dumfries and Galloway",4101,3950,151,96.3,3.7,3950,151
2013-06-01,"Jun","2013","S08000019","NHS Forth Valley",6765,6400,365,94.6,5.4,6400,365
2013-06-01,"Jun","2013","S08000020","NHS Grampian",12863,12648,215,98.3,1.7,12648,215
2013-06-01,"Jun","2013","S08000022","NHS Highland",8781,8609,172,98,2,8609,172
2013-06-01,"Jun","2013","S08000024","NHS Lothian",20876,19750,1126,94.6,5.4,19750,1126
2013-06-01,"Jun","2013","S08000025","NHS Orkney",332,326,6,98.2,1.8,326,6
2013-06-01,"Jun","2013","S08000026","NHS Shetland",747,740,7,99.1,0.9,740,7
2013-06-01,"Jun","2013","S08000028","NHS Western Isles",768,752,16,97.9,2.1,752,16
2013-06-01,"Jun","2013","S08000029","NHS Fife",7565,7299,266,96.5,3.5,7299,266
2013-06-01,"Jun","2013","S08000030","NHS Tayside",9820,9743,77,99.2,0.8,9743,77
2013-06-01,"Jun","2013","S08000031","NHS Greater Glasgow and Clyde",38556,35371,3185,91.7,8.3,35371,3185
2013-06-01,"Jun","2013","S08000032","NHS Lanarkshire",16193,14988,1205,92.6,7.4,14988,1205
2013-07-01,"Jul","2013","S08000015","NHS Ayrshire and Arran",11351,10745,606,94.7,5.3,10745,606
2013-07-01,"Jul","2013","S08000016","NHS Borders",2453,2432,21,99.1,0.9,2432,21
2013-07-01,"Jul","2013","S08000017","NHS Dumfries and Galloway",4492,4282,210,95.3,4.7,4282,210
2013-07-01,"Jul","2013","S08000019","NHS Forth Valley",6844,6593,251,96.3,3.7,6593,251
2013-07-01,"Jul","2013","S08000020","NHS Grampian",13485,13295,190,98.6,1.4,13295,190
2013-07-01,"Jul","2013","S08000022","NHS Highland",9643,9466,177,98.2,1.8,9466,177
2013-07-01,"Jul","2013","S08000024","NHS Lothian",20764,19747,1017,95.1,4.9,19747,1017
2013-07-01,"Jul","2013","S08000025","NHS Orkney",295,289,6,98,2,289,6
2013-07-01,"Jul","2013","S08000026","NHS Shetland",673,671,2,99.7,0.3,671,2
2013-07-01,"Jul","2013","S08000028","NHS Western Isles",909,901,8,99.1,0.9,901,8
2013-07-01,"Jul","2013","S08000029","NHS Fife",7930,7743,187,97.6,2.4,7743,187
2013-07-01,"Jul","2013","S08000030","NHS Tayside",10104,10036,68,99.3,0.7,10036,68
2013-07-01,"Jul","2013","S08000031","NHS Greater Glasgow and Clyde",39809,37459,2350,94.1,5.9,37459,2350
2013-07-01,"Jul","2013","S08000032","NHS Lanarkshire",16563,15657,906,94.5,5.5,15657,906
2013-08-01,"Aug","2013","S08000015","NHS Ayrshire and Arran",10852,10244,608,94.4,5.6,10244,608
2013-08-01,"Aug","2013","S08000016","NHS Borders",2485,2430,55,97.8,2.2,2430,55
2013-08-01,"Aug","2013","S08000017","NHS Dumfries and Galloway",4390,4161,229,94.8,5.2,4161,229
2013-08-01,"Aug","2013","S08000019","NHS Forth Valley",6986,6503,483,93.1,6.9,6503,483
2013-08-01,"Aug","2013","S08000020","NHS Grampian",12842,12428,414,96.8,3.2,12428,414
2013-08-01,"Aug","2013","S08000022","NHS Highland",9514,9291,223,97.7,2.3,9291,223
2013-08-01,"Aug","2013","S08000024","NHS Lothian",21702,20656,1046,95.2,4.8,20656,1046
2013-08-01,"Aug","2013","S08000025","NHS Orkney",400,395,5,98.8,1.2,395,5
2013-08-01,"Aug","2013","S08000026","NHS Shetland",665,660,5,99.2,0.8,660,5
2013-08-01,"Aug","2013","S08000028","NHS Western Isles",745,726,19,97.4,2.6,726,19
2013-08-01,"Aug","2013","S08000029","NHS Fife",7863,7664,199,97.5,2.5,7664,199
2013-08-01,"Aug","2013","S08000030","NHS Tayside",10148,10042,106,99,1,10042,106
2013-08-01,"Aug","2013","S08000031","NHS Greater Glasgow and Clyde",39282,36804,2478,93.7,6.3,36804,2478
2013-08-01,"Aug","2013","S08000032","NHS Lanarkshire",16234,15099,1135,93,7,15099,1135
2013-09-01,"Sep","2013","S08000015","NHS Ayrshire and Arran",10152,9471,681,93.3,6.7,9471,681
2013-09-01,"Sep","2013","S08000016","NHS Borders",2388,2344,44,98.2,1.8,2344,44
2013-09-01,"Sep","2013","S08000017","NHS Dumfries and Galloway",4027,3778,249,93.8,6.2,3778,249
2013-09-01,"Sep","2013","S08000019","NHS Forth Valley",6476,6050,426,93.4,6.6,6050,426
2013-09-01,"Sep","2013","S08000020","NHS Grampian",12768,12309,459,96.4,3.6,12309,459
2013-09-01,"Sep","2013","S08000022","NHS Highland",8369,8165,204,97.6,2.4,8165,204
2013-09-01,"Sep","2013","S08000024","NHS Lothian",21087,19829,1258,94,6,19829,1258
2013-09-01,"Sep","2013","S08000025","NHS Orkney",413,412,1,99.8,0.2,412,1
2013-09-01,"Sep","2013","S08000026","NHS Shetland",639,629,10,98.4,1.6,629,10
2013-09-01,"Sep","2013","S08000028","NHS Western Isles",663,650,13,98,2,650,13
2013-09-01,"Sep","2013","S08000029","NHS Fife",7558,7267,291,96.1,3.9,7267,291
2013-09-01,"Sep","2013","S08000030","NHS Tayside",9584,9485,99,99,1,9485,99
2013-09-01,"Sep","2013","S08000031","NHS Greater Glasgow and Clyde",37224,35092,2132,94.3,5.7,35092,2132
2013-09-01,"Sep","2013","S08000032","NHS Lanarkshire",15310,14105,1205,92.1,7.9,14105,1205
2013-10-01,"Oct","2013","S08000015","NHS Ayrshire and Arran",9635,9060,575,94,6,9060,575
2013-10-01,"Oct","2013","S08000016","NHS Borders",2399,2352,47,98,2,2352,47
2013-10-01,"Oct","2013","S08000017","NHS Dumfries and Galloway",3770,3604,166,95.6,4.4,3604,166
2013-10-01,"Oct","2013","S08000019","NHS Forth Valley",6038,5634,404,93.3,6.7,5634,404
2013-10-01,"Oct","2013","S08000020","NHS Grampian",11579,11205,374,96.8,3.2,11205,374
2013-10-01,"Oct","2013","S08000022","NHS Highland",7563,7372,191,97.5,2.5,7372,191
2013-10-01,"Oct","2013","S08000024","NHS Lothian",20670,19318,1352,93.5,6.5,19318,1352
2013-10-01,"Oct","2013","S08000025","NHS Orkney",419,414,5,98.8,1.2,414,5
2013-10-01,"Oct","2013","S08000026","NHS Shetland",641,635,6,99.1,0.9,635,6
2013-10-01,"Oct","2013","S08000028","NHS Western Isles",597,591,6,99,1,591,6
2013-10-01,"Oct","2013","S08000029","NHS Fife",7087,6755,332,95.3,4.7,6755,332
2013-10-01,"Oct","2013","S08000030","NHS Tayside",8908,8836,72,99.2,0.8,8836,72
2013-10-01,"Oct","2013","S08000031","NHS Greater Glasgow and Clyde",37430,34438,2992,92,8,34438,2992
2013-10-01,"Oct","2013","S08000032","NHS Lanarkshire",15314,13790,1524,90,10,13790,1524
2013-11-01,"Nov","2013","S08000015","NHS Ayrshire and Arran",9087,8495,592,93.5,6.5,8495,592
2013-11-01,"Nov","2013","S08000016","NHS Borders",2153,2108,45,97.9,2.1,2108,45
2013-11-01,"Nov","2013","S08000017","NHS Dumfries and Galloway",3521,3369,152,95.7,4.3,3369,152
2013-11-01,"Nov","2013","S08000019","NHS Forth Valley",5814,5529,285,95.1,4.9,5529,285
2013-11-01,"Nov","2013","S08000020","NHS Grampian",11167,10845,322,97.1,2.9,10845,322
2013-11-01,"Nov","2013","S08000022","NHS Highland",7149,6982,167,97.7,2.3,6982,167
2013-11-01,"Nov","2013","S08000024","NHS Lothian",20067,18810,1257,93.7,6.3,18810,1257
2013-11-01,"Nov","2013","S08000025","NHS Orkney",397,393,4,99,1,393,4
2013-11-01,"Nov","2013","S08000026","NHS Shetland",597,593,4,99.3,0.7,593,4
2013-11-01,"Nov","2013","S08000028","NHS Western Isles",582,575,7,98.8,1.2,575,7
2013-11-01,"Nov","2013","S08000029","NHS Fife",6688,6644,44,99.3,0.7,6644,44
2013-11-01,"Nov","2013","S08000030","NHS Tayside",8199,8152,47,99.4,0.6,8152,47
2013-11-01,"Nov","2013","S08000031","NHS Greater Glasgow and Clyde",35819,33242,2577,92.8,7.2,33242,2577
2013-11-01,"Nov","2013","S08000032","NHS Lanarkshire",14577,13452,1125,92.3,7.7,13452,1125
2013-12-01,"Dec","2013","S08000015","NHS Ayrshire and Arran",9396,8751,645,93.1,6.9,8751,645
2013-12-01,"Dec","2013","S08000016","NHS Borders",2230,2183,47,97.9,2.1,2183,47
2013-12-01,"Dec","2013","S08000017","NHS Dumfries and Galloway",3840,3672,168,95.6,4.4,3672,168
2013-12-01,"Dec","2013","S08000019","NHS Forth Valley",5609,5248,361,93.6,6.4,5248,361
2013-12-01,"Dec","2013","S08000020","NHS Grampian",11922,11300,622,94.8,5.2,11300,622
2013-12-01,"Dec","2013","S08000022","NHS Highland",7564,7297,267,96.5,3.5,7297,267
2013-12-01,"Dec","2013","S08000024","NHS Lothian",19782,18259,1523,92.3,7.7,18259,1523
2013-12-01,"Dec","2013","S08000025","NHS Orkney",394,389,5,98.7,1.3,389,5
2013-12-01,"Dec","2013","S08000026","NHS Shetland",637,627,10,98.4,1.6,627,10
2013-12-01,"Dec","2013","S08000028","NHS Western Isles",566,556,10,98.2,1.8,556,10
2013-12-01,"Dec","2013","S08000029","NHS Fife",6646,6547,99,98.5,1.5,6547,99
2013-12-01,"Dec","2013","S08000030","NHS Tayside",8496,8425,71,99.2,0.8,8425,71
2013-12-01,"Dec","2013","S08000031","NHS Greater Glasgow and Clyde",35411,32089,3322,90.6,9.4,32089,3322
2013-12-01,"Dec","2013","S08000032","NHS Lanarkshire",14298,13161,1137,92,8,13161,1137
2014-01-01,"Jan","2014","S08000015","NHS Ayrshire and Arran",9553,8441,1112,88.4,11.6,8441,1112
2014-01-01,"Jan","2014","S08000016","NHS Borders",2246,2165,81,96.4,3.6,2165,81
2014-01-01,"Jan","2014","S08000017","NHS Dumfries and Galloway",3728,3561,167,95.5,4.5,3561,167
2014-01-01,"Jan","2014","S08000019","NHS Forth Valley",5859,5463,396,93.2,6.8,5463,396
2014-01-01,"Jan","2014","S08000020","NHS Grampian",11096,10591,505,95.4,4.6,10591,505
2014-01-01,"Jan","2014","S08000022","NHS Highland",7387,7178,209,97.2,2.8,7178,209
2014-01-01,"Jan","2014","S08000024","NHS Lothian",20342,18381,1961,90.4,9.6,18381,1961
2014-01-01,"Jan","2014","S08000025","NHS Orkney",392,382,10,97.4,2.6,382,10
2014-01-01,"Jan","2014","S08000026","NHS Shetland",655,640,15,97.7,2.3,640,15
2014-01-01,"Jan","2014","S08000028","NHS Western Isles",527,519,8,98.5,1.5,519,8
2014-01-01,"Jan","2014","S08000029","NHS Fife",6889,6708,181,97.4,2.6,6708,181
2014-01-01,"Jan","2014","S08000030","NHS Tayside",8473,8399,74,99.1,0.9,8399,74
2014-01-01,"Jan","2014","S08000031","NHS Greater Glasgow and Clyde",36442,32821,3621,90.1,9.9,32821,3621
2014-01-01,"Jan","2014","S08000032","NHS Lanarkshire",15196,13505,1691,88.9,11.1,13505,1691
2014-02-01,"Feb","2014","S08000015","NHS Ayrshire and Arran",8858,8180,678,92.3,7.7,8180,678
2014-02-01,"Feb","2014","S08000016","NHS Borders",1980,1917,63,96.8,3.2,1917,63
2014-02-01,"Feb","2014","S08000017","NHS Dumfries and Galloway",3530,3307,223,93.7,6.3,3307,223
2014-02-01,"Feb","2014","S08000019","NHS Forth Valley",5425,5295,130,97.6,2.4,5295,130
2014-02-01,"Feb","2014","S08000020","NHS Grampian",10877,10179,698,93.6,6.4,10179,698
2014-02-01,"Feb","2014","S08000022","NHS Highland",6847,6645,202,97,3,6645,202
2014-02-01,"Feb","2014","S08000024","NHS Lothian",19322,17856,1466,92.4,7.6,17856,1466
2014-02-01,"Feb","2014","S08000025","NHS Orkney",342,337,5,98.5,1.5,337,5
2014-02-01,"Feb","2014","S08000026","NHS Shetland",625,605,20,96.8,3.2,605,20
2014-02-01,"Feb","2014","S08000028","NHS Western Isles",502,489,13,97.4,2.6,489,13
2014-02-01,"Feb","2014","S08000029","NHS Fife",6741,6471,270,96,4,6471,270
2014-02-01,"Feb","2014","S08000030","NHS Tayside",8278,8222,56,99.3,0.7,8222,56
2014-02-01,"Feb","2014","S08000031","NHS Greater Glasgow and Clyde",34884,30875,4009,88.5,11.5,30875,4009
2014-02-01,"Feb","2014","S08000032","NHS Lanarkshire",14345,12171,2174,84.8,15.2,12171,2174
2014-03-01,"Mar","2014","S08000015","NHS Ayrshire and Arran",10587,9921,666,93.7,6.3,9921,666
2014-03-01,"Mar","2014","S08000016","NHS Borders",2400,2352,48,98,2,2352,48
2014-03-01,"Mar","2014","S08000017","NHS Dumfries and Galloway",4023,3893,130,96.8,3.2,3893,130
2014-03-01,"Mar","2014","S08000019","NHS Forth Valley",6630,6442,188,97.2,2.8,6442,188
2014-03-01,"Mar","2014","S08000020","NHS Grampian",12440,11815,625,95,5,11815,625
2014-03-01,"Mar","2014","S08000022","NHS Highland",8150,7885,265,96.7,3.3,7885,265
2014-03-01,"Mar","2014","S08000024","NHS Lothian",22451,20708,1743,92.2,7.8,20708,1743
2014-03-01,"Mar","2014","S08000025","NHS Orkney",418,413,5,98.8,1.2,413,5
2014-03-01,"Mar","2014","S08000026","NHS Shetland",713,704,9,98.7,1.3,704,9
2014-03-01,"Mar","2014","S08000028","NHS Western Isles",684,671,13,98.1,1.9,671,13
2014-03-01,"Mar","2014","S08000029","NHS Fife",7907,7572,335,95.8,4.2,7572,335
2014-03-01,"Mar","2014","S08000030","NHS Tayside",9670,9598,72,99.3,0.7,9598,72
2014-03-01,"Mar","2014","S08000031","NHS Greater Glasgow and Clyde",39520,35416,4104,89.6,10.4,35416,4104
2014-03-01,"Mar","2014","S08000032","NHS Lanarkshire",16302,15068,1234,92.4,7.6,15068,1234
2014-04-01,"Apr","2014","S08000015","NHS Ayrshire and Arran",10670,10104,566,94.7,5.3,10104,566
2014-04-01,"Apr","2014","S08000016","NHS Borders",2422,2330,92,96.2,3.8,2330,92
2014-04-01,"Apr","2014","S08000017","NHS Dumfries and Galloway",4040,3871,169,95.8,4.2,3871,169
2014-04-01,"Apr","2014","S08000019","NHS Forth Valley",6434,6139,295,95.4,4.6,6139,295
2014-04-01,"Apr","2014","S08000020","NHS Grampian",11908,11381,527,95.6,4.4,11381,527
2014-04-01,"Apr","2014","S08000022","NHS Highland",8355,8110,245,97.1,2.9,8110,245
2014-04-01,"Apr","2014","S08000024","NHS Lothian",20875,19562,1313,93.7,6.3,19562,1313
2014-04-01,"Apr","2014","S08000025","NHS Orkney",435,430,5,98.9,1.1,430,5
2014-04-01,"Apr","2014","S08000026","NHS Shetland",667,644,23,96.6,3.4,644,23
2014-04-01,"Apr","2014","S08000028","NHS Western Isles",686,674,12,98.3,1.7,674,12
2014-04-01,"Apr","2014","S08000029","NHS Fife",7435,7057,378,94.9,5.1,7057,378
2014-04-01,"Apr","2014","S08000030","NHS Tayside",9448,9390,58,99.4,0.6,9390,58
2014-04-01,"Apr","2014","S08000031","NHS Greater Glasgow and Clyde",38183,34044,4139,89.2,10.8,34044,4139
2014-04-01,"Apr","2014","S08000032","NHS Lanarkshire",15872,14041,1831,88.5,11.5,14041,1831
2014-05-01,"May","2014","S08000015","NHS Ayrshire and Arran",11092,10142,950,91.4,8.6,10142,950
2014-05-01,"May","2014","S08000016","NHS Borders",2641,2547,94,96.4,3.6,2547,94
2014-05-01,"May","2014","S08000017","NHS Dumfries and Galloway",4264,4173,91,97.9,2.1,4173,91
2014-05-01,"May","2014","S08000019","NHS Forth Valley",6921,6481,440,93.6,6.4,6481,440
2014-05-01,"May","2014","S08000020","NHS Grampian",12820,12167,653,94.9,5.1,12167,653
2014-05-01,"May","2014","S08000022","NHS Highland",9189,8836,353,96.2,3.8,8836,353
2014-05-01,"May","2014","S08000024","NHS Lothian",22170,20808,1362,93.9,6.1,20808,1362
2014-05-01,"May","2014","S08000025","NHS Orkney",500,491,9,98.2,1.8,491,9
2014-05-01,"May","2014","S08000026","NHS Shetland",722,695,27,96.3,3.7,695,27
2014-05-01,"May","2014","S08000028","NHS Western Isles",700,684,16,97.7,2.3,684,16
2014-05-01,"May","2014","S08000029","NHS Fife",8150,7866,284,96.5,3.5,7866,284
2014-05-01,"May","2014","S08000030","NHS Tayside",10088,10001,87,99.1,0.9,10001,87
2014-05-01,"May","2014","S08000031","NHS Greater Glasgow and Clyde",40652,36466,4186,89.7,10.3,36466,4186
2014-05-01,"May","2014","S08000032","NHS Lanarkshire",16766,14673,2093,87.5,12.5,14673,2093
2014-06-01,"Jun","2014","S08000015","NHS Ayrshire and Arran",10993,10566,427,96.1,3.9,10566,427
2014-06-01,"Jun","2014","S08000016","NHS Borders",2474,2355,119,95.2,4.8,2355,119
2014-06-01,"Jun","2014","S08000017","NHS Dumfries and Galloway",4215,4126,89,97.9,2.1,4126,89
2014-06-01,"Jun","2014","S08000019","NHS Forth Valley",7049,6605,444,93.7,6.3,6605,444
2014-06-01,"Jun","2014","S08000020","NHS Grampian",12411,11928,483,96.1,3.9,11928,483
2014-06-01,"Jun","2014","S08000022","NHS Highland",9624,9357,267,97.2,2.8,9357,267
2014-06-01,"Jun","2014","S08000024","NHS Lothian",21896,20714,1182,94.6,5.4,20714,1182
2014-06-01,"Jun","2014","S08000025","NHS Orkney",464,453,11,97.6,2.4,453,11
2014-06-01,"Jun","2014","S08000026","NHS Shetland",709,683,26,96.3,3.7,683,26
2014-06-01,"Jun","2014","S08000028","NHS Western Isles",709,699,10,98.6,1.4,699,10
2014-06-01,"Jun","2014","S08000029","NHS Fife",7963,7561,402,95,5,7561,402
2014-06-01,"Jun","2014","S08000030","NHS Tayside",9733,9680,53,99.5,0.5,9680,53
2014-06-01,"Jun","2014","S08000031","NHS Greater Glasgow and Clyde",39854,36400,3454,91.3,8.7,36400,3454
2014-06-01,"Jun","2014","S08000032","NHS Lanarkshire",16718,14991,1727,89.7,10.3,14991,1727
2014-07-01,"Jul","2014","S08000015","NHS Ayrshire and Arran",11052,10714,338,96.9,3.1,10714,338
2014-07-01,"Jul","2014","S08000016","NHS Borders",2549,2480,69,97.3,2.7,2480,69
2014-07-01,"Jul","2014","S08000017","NHS Dumfries and Galloway",4326,4214,112,97.4,2.6,4214,112
2014-07-01,"Jul","2014","S08000019","NHS Forth Valley",6888,6489,399,94.2,5.8,6489,399
2014-07-01,"Jul","2014","S08000020","NHS Grampian",12163,11688,475,96.1,3.9,11688,475
2014-07-01,"Jul","2014","S08000022","NHS Highland",9695,9462,233,97.6,2.4,9462,233
2014-07-01,"Jul","2014","S08000024","NHS Lothian",21286,20108,1178,94.5,5.5,20108,1178
2014-07-01,"Jul","2014","S08000025","NHS Orkney",489,484,5,99,1,484,5
2014-07-01,"Jul","2014","S08000026","NHS Shetland",703,680,23,96.7,3.3,680,23
2014-07-01,"Jul","2014","S08000028","NHS Western Isles",856,841,15,98.2,1.8,841,15
2014-07-01,"Jul","2014","S08000029","NHS Fife",7914,7569,345,95.6,4.4,7569,345
2014-07-01,"Jul","2014","S08000030","NHS Tayside",10207,10132,75,99.3,0.7,10132,75
2014-07-01,"Jul","2014","S08000031","NHS Greater Glasgow and Clyde",39373,36516,2857,92.7,7.3,36516,2857
2014-07-01,"Jul","2014","S08000032","NHS Lanarkshire",16700,14973,1727,89.7,10.3,14973,1727
2014-08-01,"Aug","2014","S08000015","NHS Ayrshire and Arran",10489,10102,387,96.3,3.7,10102,387
2014-08-01,"Aug","2014","S08000016","NHS Borders",2513,2391,122,95.1,4.9,2391,122
2014-08-01,"Aug","2014","S08000017","NHS Dumfries and Galloway",4234,4077,157,96.3,3.7,4077,157
2014-08-01,"Aug","2014","S08000019","NHS Forth Valley",6760,6280,480,92.9,7.1,6280,480
2014-08-01,"Aug","2014","S08000020","NHS Grampian",12019,11369,650,94.6,5.4,11369,650
2014-08-01,"Aug","2014","S08000022","NHS Highland",9476,9184,292,96.9,3.1,9184,292
2014-08-01,"Aug","2014","S08000024","NHS Lothian",21759,20236,1523,93,7,20236,1523
2014-08-01,"Aug","2014","S08000025","NHS Orkney",502,495,7,98.6,1.4,495,7
2014-08-01,"Aug","2014","S08000026","NHS Shetland",730,706,24,96.7,3.3,706,24
2014-08-01,"Aug","2014","S08000028","NHS Western Isles",757,744,13,98.3,1.7,744,13
2014-08-01,"Aug","2014","S08000029","NHS Fife",7614,7262,352,95.4,4.6,7262,352
2014-08-01,"Aug","2014","S08000030","NHS Tayside",9724,9648,76,99.2,0.8,9648,76
2014-08-01,"Aug","2014","S08000031","NHS Greater Glasgow and Clyde",38963,34949,4014,89.7,10.3,34949,4014
2014-08-01,"Aug","2014","S08000032","NHS Lanarkshire",16422,14813,1609,90.2,9.8,14813,1609
2014-09-01,"Sep","2014","S08000015","NHS Ayrshire and Arran",10635,10100,535,95,5,10100,535
2014-09-01,"Sep","2014","S08000016","NHS Borders",2550,2429,121,95.3,4.7,2429,121
2014-09-01,"Sep","2014","S08000017","NHS Dumfries and Galloway",4195,4068,127,97,3,4068,127
2014-09-01,"Sep","2014","S08000019","NHS Forth Valley",6923,6422,501,92.8,7.2,6422,501
2014-09-01,"Sep","2014","S08000020","NHS Grampian",12462,11789,673,94.6,5.4,11789,673
2014-09-01,"Sep","2014","S08000022","NHS Highland",8812,8563,249,97.2,2.8,8563,249
2014-09-01,"Sep","2014","S08000024","NHS Lothian",22307,20941,1366,93.9,6.1,20941,1366
2014-09-01,"Sep","2014","S08000025","NHS Orkney",439,436,3,99.3,0.7,436,3
2014-09-01,"Sep","2014","S08000026","NHS Shetland",675,647,28,95.9,4.1,647,28
2014-09-01,"Sep","2014","S08000028","NHS Western Isles",660,651,9,98.6,1.4,651,9
2014-09-01,"Sep","2014","S08000029","NHS Fife",7807,7505,302,96.1,3.9,7505,302
2014-09-01,"Sep","2014","S08000030","NHS Tayside",9515,9407,108,98.9,1.1,9407,108
2014-09-01,"Sep","2014","S08000031","NHS Greater Glasgow and Clyde",39295,35966,3329,91.5,8.5,35966,3329
2014-09-01,"Sep","2014","S08000032","NHS Lanarkshire",16267,14353,1914,88.2,11.8,14353,1914
2014-10-01,"Oct","2014","S08000015","NHS Ayrshire and Arran",9909,9107,802,91.9,8.1,9107,802
2014-10-01,"Oct","2014","S08000016","NHS Borders",2266,2192,74,96.7,3.3,2192,74
2014-10-01,"Oct","2014","S08000017","NHS Dumfries and Galloway",3842,3684,158,95.9,4.1,3684,158
2014-10-01,"Oct","2014","S08000019","NHS Forth Valley",6312,5758,554,91.2,8.8,5758,554
2014-10-01,"Oct","2014","S08000020","NHS Grampian",11072,10359,713,93.6,6.4,10359,713
2014-10-01,"Oct","2014","S08000022","NHS Highland",7751,7500,251,96.8,3.2,7500,251
2014-10-01,"Oct","2014","S08000024","NHS Lothian",21550,19968,1582,92.7,7.3,19968,1582
2014-10-01,"Oct","2014","S08000025","NHS Orkney",401,399,2,99.5,0.5,399,2
2014-10-01,"Oct","2014","S08000026","NHS Shetland",598,566,32,94.6,5.4,566,32
2014-10-01,"Oct","2014","S08000028","NHS Western Isles",631,614,17,97.3,2.7,614,17
2014-10-01,"Oct","2014","S08000029","NHS Fife",7146,6546,600,91.6,8.4,6546,600
2014-10-01,"Oct","2014","S08000030","NHS Tayside",9008,8939,69,99.2,0.8,8939,69
2014-10-01,"Oct","2014","S08000031","NHS Greater Glasgow and Clyde",37529,33478,4051,89.2,10.8,33478,4051
2014-10-01,"Oct","2014","S08000032","NHS Lanarkshire",15448,13444,2004,87,13,13444,2004
2014-11-01,"Nov","2014","S08000015","NHS Ayrshire and Arran",9643,8806,837,91.3,8.7,8806,837
2014-11-01,"Nov","2014","S08000016","NHS Borders",2077,2031,46,97.8,2.2,2031,46
2014-11-01,"Nov","2014","S08000017","NHS Dumfries and Galloway",3649,3556,93,97.5,2.5,3556,93
2014-11-01,"Nov","2014","S08000019","NHS Forth Valley",6004,5546,458,92.4,7.6,5546,458
2014-11-01,"Nov","2014","S08000020","NHS Grampian",11032,10483,549,95,5,10483,549
2014-11-01,"Nov","2014","S08000022","NHS Highland",7413,7245,168,97.7,2.3,7245,168
2014-11-01,"Nov","2014","S08000024","NHS Lothian",21321,20087,1234,94.2,5.8,20087,1234
2014-11-01,"Nov","2014","S08000025","NHS Orkney",392,390,2,99.5,0.5,390,2
2014-11-01,"Nov","2014","S08000026","NHS Shetland",566,549,17,97,3,549,17
2014-11-01,"Nov","2014","S08000028","NHS Western Isles",579,571,8,98.6,1.4,571,8
2014-11-01,"Nov","2014","S08000029","NHS Fife",6815,6485,330,95.2,4.8,6485,330
2014-11-01,"Nov","2014","S08000030","NHS Tayside",8805,8719,86,99,1,8719,86
2014-11-01,"Nov","2014","S08000031","NHS Greater Glasgow and Clyde",37584,33233,4351,88.4,11.6,33233,4351
2014-11-01,"Nov","2014","S08000032","NHS Lanarkshire",15061,12497,2564,83,17,12497,2564
2014-12-01,"Dec","2014","S08000015","NHS Ayrshire and Arran",9678,8662,1016,89.5,10.5,8662,1016
2014-12-01,"Dec","2014","S08000016","NHS Borders",2378,2167,211,91.1,8.9,2167,211
2014-12-01,"Dec","2014","S08000017","NHS Dumfries and Galloway",3684,3580,104,97.2,2.8,3580,104
2014-12-01,"Dec","2014","S08000019","NHS Forth Valley",5876,4948,928,84.2,15.8,4948,928
2014-12-01,"Dec","2014","S08000020","NHS Grampian",11275,10642,633,94.4,5.6,10642,633
2014-12-01,"Dec","2014","S08000022","NHS Highland",7238,7012,226,96.9,3.1,7012,226
2014-12-01,"Dec","2014","S08000024","NHS Lothian",21210,19595,1615,92.4,7.6,19595,1615
2014-12-01,"Dec","2014","S08000025","NHS Orkney",419,414,5,98.8,1.2,414,5
2014-12-01,"Dec","2014","S08000026","NHS Shetland",582,571,11,98.1,1.9,571,11
2014-12-01,"Dec","2014","S08000028","NHS Western Isles",573,556,17,97,3,556,17
2014-12-01,"Dec","2014","S08000029","NHS Fife",6860,6238,622,90.9,9.1,6238,622
2014-12-01,"Dec","2014","S08000030","NHS Tayside",8699,8597,102,98.8,1.2,8597,102
2014-12-01,"Dec","2014","S08000031","NHS Greater Glasgow and Clyde",36116,30511,5605,84.5,15.5,30511,5605
2014-12-01,"Dec","2014","S08000032","NHS Lanarkshire",14667,12685,1982,86.5,13.5,12685,1982
2015-01-01,"Jan","2015","S08000015","NHS Ayrshire and Arran",9713,7975,1738,82.1,17.9,7975,1738
2015-01-01,"Jan","2015","S08000016","NHS Borders",2357,2127,230,90.2,9.8,2127,230
2015-01-01,"Jan","2015","S08000017","NHS Dumfries and Galloway",3682,3537,145,96.1,3.9,3537,145
2015-01-01,"Jan","2015","S08000019","NHS Forth Valley",5881,5234,647,89,11,5234,647
2015-01-01,"Jan","2015","S08000020","NHS Grampian",11375,10228,1147,89.9,10.1,10228,1147
2015-01-01,"Jan","2015","S08000022","NHS Highland",7335,7103,232,96.8,3.2,7103,232
2015-01-01,"Jan","2015","S08000024","NHS Lothian",20698,18052,2646,87.2,12.8,18052,2646
2015-01-01,"Jan","2015","S08000025","NHS Orkney",406,402,4,99,1,402,4
2015-01-01,"Jan","2015","S08000026","NHS Shetland",691,676,15,97.8,2.2,676,15
2015-01-01,"Jan","2015","S08000028","NHS Western Isles",647,631,16,97.5,2.5,631,16
2015-01-01,"Jan","2015","S08000029","NHS Fife",6808,6307,501,92.6,7.4,6307,501
2015-01-01,"Jan","2015","S08000030","NHS Tayside",8415,8347,68,99.2,0.8,8347,68
2015-01-01,"Jan","2015","S08000031","NHS Greater Glasgow and Clyde",36149,28875,7274,79.9,20.1,28875,7274
2015-01-01,"Jan","2015","S08000032","NHS Lanarkshire",15051,13090,1961,87,13,13090,1961
2015-02-01,"Feb","2015","S08000015","NHS Ayrshire and Arran",8809,7283,1526,82.7,17.3,7283,1526
2015-02-01,"Feb","2015","S08000016","NHS Borders",2190,2002,188,91.4,8.6,2002,188
2015-02-01,"Feb","2015","S08000017","NHS Dumfries and Galloway",3461,3263,198,94.3,5.7,3263,198
2015-02-01,"Feb","2015","S08000019","NHS Forth Valley",5536,5298,238,95.7,4.3,5298,238
2015-02-01,"Feb","2015","S08000020","NHS Grampian",10530,9656,874,91.7,8.3,9656,874
2015-02-01,"Feb","2015","S08000022","NHS Highland",6869,6639,230,96.7,3.3,6639,230
2015-02-01,"Feb","2015","S08000024","NHS Lothian",19432,17802,1630,91.6,8.4,17802,1630
2015-02-01,"Feb","2015","S08000025","NHS Orkney",353,342,11,96.9,3.1,342,11
2015-02-01,"Feb","2015","S08000026","NHS Shetland",573,560,13,97.7,2.3,560,13
2015-02-01,"Feb","2015","S08000028","NHS Western Isles",561,546,15,97.3,2.7,546,15
2015-02-01,"Feb","2015","S08000029","NHS Fife",6698,6082,616,90.8,9.2,6082,616
2015-02-01,"Feb","2015","S08000030","NHS Tayside",8002,7936,66,99.2,0.8,7936,66
2015-02-01,"Feb","2015","S08000031","NHS Greater Glasgow and Clyde",33945,27008,6937,79.6,20.4,27008,6937
2015-02-01,"Feb","2015","S08000032","NHS Lanarkshire",14312,12239,2073,85.5,14.5,12239,2073
2015-03-01,"Mar","2015","S08000015","NHS Ayrshire and Arran",10266,9017,1249,87.8,12.2,9017,1249
2015-03-01,"Mar","2015","S08000016","NHS Borders",2515,2308,207,91.8,8.2,2308,207
2015-03-01,"Mar","2015","S08000017","NHS Dumfries and Galloway",3958,3830,128,96.8,3.2,3830,128
2015-03-01,"Mar","2015","S08000019","NHS Forth Valley",6566,6148,418,93.6,6.4,6148,418
2015-03-01,"Mar","2015","S08000020","NHS Grampian",11964,11361,603,95,5,11361,603
2015-03-01,"Mar","2015","S08000022","NHS Highland",8011,7803,208,97.4,2.6,7803,208
2015-03-01,"Mar","2015","S08000024","NHS Lothian",22006,20388,1618,92.6,7.4,20388,1618
2015-03-01,"Mar","2015","S08000025","NHS Orkney",391,390,1,99.7,0.3,390,1
2015-03-01,"Mar","2015","S08000026","NHS Shetland",654,636,18,97.2,2.8,636,18
2015-03-01,"Mar","2015","S08000028","NHS Western Isles",609,603,6,99,1,603,6
2015-03-01,"Mar","2015","S08000029","NHS Fife",7543,6979,564,92.5,7.5,6979,564
2015-03-01,"Mar","2015","S08000030","NHS Tayside",8952,8891,61,99.3,0.7,8891,61
2015-03-01,"Mar","2015","S08000031","NHS Greater Glasgow and Clyde",38243,33860,4383,88.5,11.5,33860,4383
2015-03-01,"Mar","2015","S08000032","NHS Lanarkshire",15882,14580,1302,91.8,8.2,14580,1302
2015-04-01,"Apr","2015","S08000015","NHS Ayrshire and Arran",9901,8738,1163,88.3,11.7,8738,1163
2015-04-01,"Apr","2015","S08000016","NHS Borders",2444,2324,120,95.1,4.9,2324,120
2015-04-01,"Apr","2015","S08000017","NHS Dumfries and Galloway",3806,3661,145,96.2,3.8,3661,145
2015-04-01,"Apr","2015","S08000019","NHS Forth Valley",6488,6085,403,93.8,6.2,6085,403
2015-04-01,"Apr","2015","S08000020","NHS Grampian",11377,10863,514,95.5,4.5,10863,514
2015-04-01,"Apr","2015","S08000022","NHS Highland",8202,7989,213,97.4,2.6,7989,213
2015-04-01,"Apr","2015","S08000024","NHS Lothian",21165,19809,1356,93.6,6.4,19809,1356
2015-04-01,"Apr","2015","S08000025","NHS Orkney",409,400,9,97.8,2.2,400,9
2015-04-01,"Apr","2015","S08000026","NHS Shetland",621,603,18,97.1,2.9,603,18
2015-04-01,"Apr","2015","S08000028","NHS Western Isles",712,693,19,97.3,2.7,693,19
2015-04-01,"Apr","2015","S08000029","NHS Fife",7540,7173,367,95.1,4.9,7173,367
2015-04-01,"Apr","2015","S08000030","NHS Tayside",9549,9442,107,98.9,1.1,9442,107
2015-04-01,"Apr","2015","S08000031","NHS Greater Glasgow and Clyde",37064,33329,3735,89.9,10.1,33329,3735
2015-04-01,"Apr","2015","S08000032","NHS Lanarkshire",15420,13922,1498,90.3,9.7,13922,1498
2015-05-01,"May","2015","S08000015","NHS Ayrshire and Arran",10553,9366,1187,88.8,11.2,9366,1187
2015-05-01,"May","2015","S08000016","NHS Borders",2549,2464,85,96.7,3.3,2464,85
2015-05-01,"May","2015","S08000017","NHS Dumfries and Galloway",4070,3959,111,97.3,2.7,3959,111
2015-05-01,"May","2015","S08000019","NHS Forth Valley",6732,6242,490,92.7,7.3,6242,490
2015-05-01,"May","2015","S08000020","NHS Grampian",11767,11336,431,96.3,3.7,11336,431
2015-05-01,"May","2015","S08000022","NHS Highland",8870,8560,310,96.5,3.5,8560,310
2015-05-01,"May","2015","S08000024","NHS Lothian",21735,20448,1287,94.1,5.9,20448,1287
2015-05-01,"May","2015","S08000025","NHS Orkney",483,474,9,98.1,1.9,474,9
2015-05-01,"May","2015","S08000026","NHS Shetland",674,662,12,98.2,1.8,662,12
2015-05-01,"May","2015","S08000028","NHS Western Isles",730,724,6,99.2,0.8,724,6
2015-05-01,"May","2015","S08000029","NHS Fife",7795,7621,174,97.8,2.2,7621,174
2015-05-01,"May","2015","S08000030","NHS Tayside",9640,9564,76,99.2,0.8,9564,76
2015-05-01,"May","2015","S08000031","NHS Greater Glasgow and Clyde",36383,32952,3431,90.6,9.4,32952,3431
2015-05-01,"May","2015","S08000032","NHS Lanarkshire",16085,14701,1384,91.4,8.6,14701,1384
2015-06-01,"Jun","2015","S08000015","NHS Ayrshire and Arran",10423,9589,834,92,8,9589,834
2015-06-01,"Jun","2015","S08000016","NHS Borders",2449,2366,83,96.6,3.4,2366,83
2015-06-01,"Jun","2015","S08000017","NHS Dumfries and Galloway",4006,3905,101,97.5,2.5,3905,101
2015-06-01,"Jun","2015","S08000019","NHS Forth Valley",6838,6381,457,93.3,6.7,6381,457
2015-06-01,"Jun","2015","S08000020","NHS Grampian",12063,11549,514,95.7,4.3,11549,514
2015-06-01,"Jun","2015","S08000022","NHS Highland",8607,8413,194,97.7,2.3,8413,194
2015-06-01,"Jun","2015","S08000024","NHS Lothian",21548,20408,1140,94.7,5.3,20408,1140
2015-06-01,"Jun","2015","S08000025","NHS Orkney",498,494,4,99.2,0.8,494,4
2015-06-01,"Jun","2015","S08000026","NHS Shetland",639,613,26,95.9,4.1,613,26
2015-06-01,"Jun","2015","S08000028","NHS Western Isles",719,709,10,98.6,1.4,709,10
2015-06-01,"Jun","2015","S08000029","NHS Fife",8009,7781,228,97.2,2.8,7781,228
2015-06-01,"Jun","2015","S08000030","NHS Tayside",9253,9133,120,98.7,1.3,9133,120
2015-06-01,"Jun","2015","S08000031","NHS Greater Glasgow and Clyde",33655,30904,2751,91.8,8.2,30904,2751
2015-06-01,"Jun","2015","S08000032","NHS Lanarkshire",16035,14858,1177,92.7,7.3,14858,1177
2015-07-01,"Jul","2015","S08000015","NHS Ayrshire and Arran",10283,9824,459,95.5,4.5,9824,459
2015-07-01,"Jul","2015","S08000016","NHS Borders",2232,2171,61,97.3,2.7,2171,61
2015-07-01,"Jul","2015","S08000017","NHS Dumfries and Galloway",4136,4033,103,97.5,2.5,4033,103
2015-07-01,"Jul","2015","S08000019","NHS Forth Valley",6440,6035,405,93.7,6.3,6035,405
2015-07-01,"Jul","2015","S08000020","NHS Grampian",11585,11244,341,97.1,2.9,11244,341
2015-07-01,"Jul","2015","S08000022","NHS Highland",9310,9108,202,97.8,2.2,9108,202
2015-07-01,"Jul","2015","S08000024","NHS Lothian",20640,19384,1256,93.9,6.1,19384,1256
2015-07-01,"Jul","2015","S08000025","NHS Orkney",537,521,16,97,3,521,16
2015-07-01,"Jul","2015","S08000026","NHS Shetland",665,639,26,96.1,3.9,639,26
2015-07-01,"Jul","2015","S08000028","NHS Western Isles",803,794,9,98.9,1.1,794,9
2015-07-01,"Jul","2015","S08000029","NHS Fife",7529,7412,117,98.4,1.6,7412,117
2015-07-01,"Jul","2015","S08000030","NHS Tayside",9244,9170,74,99.2,0.8,9170,74
2015-07-01,"Jul","2015","S08000031","NHS Greater Glasgow and Clyde",32852,31275,1577,95.2,4.8,31275,1577
2015-07-01,"Jul","2015","S08000032","NHS Lanarkshire",15666,14822,844,94.6,5.4,14822,844
2015-08-01,"Aug","2015","S08000015","NHS Ayrshire and Arran",10617,10106,511,95.2,4.8,10106,511
2015-08-01,"Aug","2015","S08000016","NHS Borders",2479,2399,80,96.8,3.2,2399,80
2015-08-01,"Aug","2015","S08000017","NHS Dumfries and Galloway",4254,4167,87,98,2,4167,87
2015-08-01,"Aug","2015","S08000019","NHS Forth Valley",6896,6639,257,96.3,3.7,6639,257
2015-08-01,"Aug","2015","S08000020","NHS Grampian",12695,12173,522,95.9,4.1,12173,522
2015-08-01,"Aug","2015","S08000022","NHS Highland",9688,9412,276,97.2,2.8,9412,276
2015-08-01,"Aug","2015","S08000024","NHS Lothian",22706,21457,1249,94.5,5.5,21457,1249
2015-08-01,"Aug","2015","S08000025","NHS Orkney",499,492,7,98.6,1.4,492,7
2015-08-01,"Aug","2015","S08000026","NHS Shetland",680,638,42,93.8,6.2,638,42
2015-08-01,"Aug","2015","S08000028","NHS Western Isles",834,826,8,99,1,826,8
2015-08-01,"Aug","2015","S08000029","NHS Fife",8092,7873,219,97.3,2.7,7873,219
2015-08-01,"Aug","2015","S08000030","NHS Tayside",9710,9633,77,99.2,0.8,9633,77
2015-08-01,"Aug","2015","S08000031","NHS Greater Glasgow and Clyde",35943,33816,2127,94.1,5.9,33816,2127
2015-08-01,"Aug","2015","S08000032","NHS Lanarkshire",16982,15660,1322,92.2,7.8,15660,1322
2015-09-01,"Sep","2015","S08000015","NHS Ayrshire and Arran",10498,9709,789,92.5,7.5,9709,789
2015-09-01,"Sep","2015","S08000016","NHS Borders",2412,2335,77,96.8,3.2,2335,77
2015-09-01,"Sep","2015","S08000017","NHS Dumfries and Galloway",4009,3912,97,97.6,2.4,3912,97
2015-09-01,"Sep","2015","S08000019","NHS Forth Valley",6902,6556,346,95,5,6556,346
2015-09-01,"Sep","2015","S08000020","NHS Grampian",12044,11730,314,97.4,2.6,11730,314
2015-09-01,"Sep","2015","S08000022","NHS Highland",8690,8512,178,98,2,8512,178
2015-09-01,"Sep","2015","S08000024","NHS Lothian",22456,21109,1347,94,6,21109,1347
2015-09-01,"Sep","2015","S08000025","NHS Orkney",471,458,13,97.2,2.8,458,13
2015-09-01,"Sep","2015","S08000026","NHS Shetland",601,588,13,97.8,2.2,588,13
2015-09-01,"Sep","2015","S08000028","NHS Western Isles",748,745,3,99.6,0.4,745,3
2015-09-01,"Sep","2015","S08000029","NHS Fife",7768,7554,214,97.2,2.8,7554,214
2015-09-01,"Sep","2015","S08000030","NHS Tayside",9227,9065,162,98.2,1.8,9065,162
2015-09-01,"Sep","2015","S08000031","NHS Greater Glasgow and Clyde",34965,33094,1871,94.6,5.4,33094,1871
2015-09-01,"Sep","2015","S08000032","NHS Lanarkshire",16276,15417,859,94.7,5.3,15417,859
2015-10-01,"Oct","2015","S08000015","NHS Ayrshire and Arran",10227,9176,1051,89.7,10.3,9176,1051
2015-10-01,"Oct","2015","S08000016","NHS Borders",2494,2398,96,96.2,3.8,2398,96
2015-10-01,"Oct","2015","S08000017","NHS Dumfries and Galloway",3899,3802,97,97.5,2.5,3802,97
2015-10-01,"Oct","2015","S08000019","NHS Forth Valley",6472,6190,282,95.6,4.4,6190,282
2015-10-01,"Oct","2015","S08000020","NHS Grampian",11152,10817,335,97,3,10817,335
2015-10-01,"Oct","2015","S08000022","NHS Highland",8050,7899,151,98.1,1.9,7899,151
2015-10-01,"Oct","2015","S08000024","NHS Lothian",22054,20820,1234,94.4,5.6,20820,1234
2015-10-01,"Oct","2015","S08000025","NHS Orkney",445,437,8,98.2,1.8,437,8
2015-10-01,"Oct","2015","S08000026","NHS Shetland",619,608,11,98.2,1.8,608,11
2015-10-01,"Oct","2015","S08000028","NHS Western Isles",648,645,3,99.5,0.5,645,3
2015-10-01,"Oct","2015","S08000029","NHS Fife",7478,7275,203,97.3,2.7,7275,203
2015-10-01,"Oct","2015","S08000030","NHS Tayside",8917,8846,71,99.2,0.8,8846,71
2015-10-01,"Oct","2015","S08000031","NHS Greater Glasgow and Clyde",34700,32079,2621,92.4,7.6,32079,2621
2015-10-01,"Oct","2015","S08000032","NHS Lanarkshire",15860,14918,942,94.1,5.9,14918,942
2015-11-01,"Nov","2015","S08000015","NHS Ayrshire and Arran",9766,8976,790,91.9,8.1,8976,790
2015-11-01,"Nov","2015","S08000016","NHS Borders",2199,2141,58,97.4,2.6,2141,58
2015-11-01,"Nov","2015","S08000017","NHS Dumfries and Galloway",3586,3493,93,97.4,2.6,3493,93
2015-11-01,"Nov","2015","S08000019","NHS Forth Valley",6285,6017,268,95.7,4.3,6017,268
2015-11-01,"Nov","2015","S08000020","NHS Grampian",11149,10816,333,97,3,10816,333
2015-11-01,"Nov","2015","S08000022","NHS Highland",7435,7162,273,96.3,3.7,7162,273
2015-11-01,"Nov","2015","S08000024","NHS Lothian",21741,20325,1416,93.5,6.5,20325,1416
2015-11-01,"Nov","2015","S08000025","NHS Orkney",402,393,9,97.8,2.2,393,9
2015-11-01,"Nov","2015","S08000026","NHS Shetland",563,557,6,98.9,1.1,557,6
2015-11-01,"Nov","2015","S08000028","NHS Western Isles",591,587,4,99.3,0.7,587,4
2015-11-01,"Nov","2015","S08000029","NHS Fife",7068,6787,281,96,4,6787,281
2015-11-01,"Nov","2015","S08000030","NHS Tayside",8331,8222,109,98.7,1.3,8222,109
2015-11-01,"Nov","2015","S08000031","NHS Greater Glasgow and Clyde",33159,31256,1903,94.3,5.7,31256,1903
2015-11-01,"Nov","2015","S08000032","NHS Lanarkshire",15248,14276,972,93.6,6.4,14276,972
2015-12-01,"Dec","2015","S08000015","NHS Ayrshire and Arran",9934,9676,258,97.4,2.6,9676,258
2015-12-01,"Dec","2015","S08000016","NHS Borders",1980,1922,58,97.1,2.9,1922,58
2015-12-01,"Dec","2015","S08000017","NHS Dumfries and Galloway",3821,3674,147,96.2,3.8,3674,147
2015-12-01,"Dec","2015","S08000019","NHS Forth Valley",6132,5999,133,97.8,2.2,5999,133
2015-12-01,"Dec","2015","S08000020","NHS Grampian",10749,10390,359,96.7,3.3,10390,359
2015-12-01,"Dec","2015","S08000022","NHS Highland",7459,7246,213,97.1,2.9,7246,213
2015-12-01,"Dec","2015","S08000024","NHS Lothian",20858,19221,1637,92.2,7.8,19221,1637
2015-12-01,"Dec","2015","S08000025","NHS Orkney",439,434,5,98.9,1.1,434,5
2015-12-01,"Dec","2015","S08000026","NHS Shetland",622,590,32,94.9,5.1,590,32
2015-12-01,"Dec","2015","S08000028","NHS Western Isles",617,607,10,98.4,1.6,607,10
2015-12-01,"Dec","2015","S08000029","NHS Fife",6760,6547,213,96.8,3.2,6547,213
2015-12-01,"Dec","2015","S08000030","NHS Tayside",8347,8250,97,98.8,1.2,8250,97
2015-12-01,"Dec","2015","S08000031","NHS Greater Glasgow and Clyde",32433,30477,1956,94,6,30477,1956
2015-12-01,"Dec","2015","S08000032","NHS Lanarkshire",15045,13812,1233,91.8,8.2,13812,1233
2016-01-01,"Jan","2016","S08000015","NHS Ayrshire and Arran",9875,8977,898,90.9,9.1,8977,898
2016-01-01,"Jan","2016","S08000016","NHS Borders",2099,2034,65,96.9,3.1,2034,65
2016-01-01,"Jan","2016","S08000017","NHS Dumfries and Galloway",4022,3783,239,94.1,5.9,3783,239
2016-01-01,"Jan","2016","S08000019","NHS Forth Valley",6379,5956,423,93.4,6.6,5956,423
2016-01-01,"Jan","2016","S08000020","NHS Grampian",10903,10499,404,96.3,3.7,10499,404
2016-01-01,"Jan","2016","S08000022","NHS Highland",7629,7339,290,96.2,3.8,7339,290
2016-01-01,"Jan","2016","S08000024","NHS Lothian",21894,19378,2516,88.5,11.5,19378,2516
2016-01-01,"Jan","2016","S08000025","NHS Orkney",457,449,8,98.2,1.8,449,8
2016-01-01,"Jan","2016","S08000026","NHS Shetland",607,581,26,95.7,4.3,581,26
2016-01-01,"Jan","2016","S08000028","NHS Western Isles",623,618,5,99.2,0.8,618,5
2016-01-01,"Jan","2016","S08000029","NHS Fife",7117,6700,417,94.1,5.9,6700,417
2016-01-01,"Jan","2016","S08000030","NHS Tayside",8425,8330,95,98.9,1.1,8330,95
2016-01-01,"Jan","2016","S08000031","NHS Greater Glasgow and Clyde",33412,30014,3398,89.8,10.2,30014,3398
2016-01-01,"Jan","2016","S08000032","NHS Lanarkshire",16078,14242,1836,88.6,11.4,14242,1836
2016-02-01,"Feb","2016","S08000015","NHS Ayrshire and Arran",9824,8876,948,90.4,9.6,8876,948
2016-02-01,"Feb","2016","S08000016","NHS Borders",2071,1973,98,95.3,4.7,1973,98
2016-02-01,"Feb","2016","S08000017","NHS Dumfries and Galloway",3657,3477,180,95.1,4.9,3477,180
2016-02-01,"Feb","2016","S08000019","NHS Forth Valley",6293,5919,374,94.1,5.9,5919,374
2016-02-01,"Feb","2016","S08000020","NHS Grampian",10988,10583,405,96.3,3.7,10583,405
2016-02-01,"Feb","2016","S08000022","NHS Highland",7567,7221,346,95.4,4.6,7221,346
2016-02-01,"Feb","2016","S08000024","NHS Lothian",21501,18930,2571,88,12,18930,2571
2016-02-01,"Feb","2016","S08000025","NHS Orkney",403,399,4,99,1,399,4
2016-02-01,"Feb","2016","S08000026","NHS Shetland",603,564,39,93.5,6.5,564,39
2016-02-01,"Feb","2016","S08000028","NHS Western Isles",604,598,6,99,1,598,6
2016-02-01,"Feb","2016","S08000029","NHS Fife",7233,6934,299,95.9,4.1,6934,299
2016-02-01,"Feb","2016","S08000030","NHS Tayside",8316,8226,90,98.9,1.1,8226,90
2016-02-01,"Feb","2016","S08000031","NHS Greater Glasgow and Clyde",33337,30882,2455,92.6,7.4,30882,2455
2016-02-01,"Feb","2016","S08000032","NHS Lanarkshire",15415,14217,1198,92.2,7.8,14217,1198
2016-03-01,"Mar","2016","S08000015","NHS Ayrshire and Arran",11459,10446,1013,91.2,8.8,10446,1013
2016-03-01,"Mar","2016","S08000016","NHS Borders",2745,2604,141,94.9,5.1,2604,141
2016-03-01,"Mar","2016","S08000017","NHS Dumfries and Galloway",4396,4146,250,94.3,5.7,4146,250
2016-03-01,"Mar","2016","S08000019","NHS Forth Valley",7284,6704,580,92,8,6704,580
2016-03-01,"Mar","2016","S08000020","NHS Grampian",12177,11697,480,96.1,3.9,11697,480
2016-03-01,"Mar","2016","S08000022","NHS Highland",8845,8576,269,97,3,8576,269
2016-03-01,"Mar","2016","S08000024","NHS Lothian",23700,21827,1873,92.1,7.9,21827,1873
2016-03-01,"Mar","2016","S08000025","NHS Orkney",496,490,6,98.8,1.2,490,6
2016-03-01,"Mar","2016","S08000026","NHS Shetland",607,586,21,96.5,3.5,586,21
2016-03-01,"Mar","2016","S08000028","NHS Western Isles",747,743,4,99.5,0.5,743,4
2016-03-01,"Mar","2016","S08000029","NHS Fife",7991,7634,357,95.5,4.5,7634,357
2016-03-01,"Mar","2016","S08000030","NHS Tayside",9459,9385,74,99.2,0.8,9385,74
2016-03-01,"Mar","2016","S08000031","NHS Greater Glasgow and Clyde",37592,34038,3554,90.5,9.5,34038,3554
2016-03-01,"Mar","2016","S08000032","NHS Lanarkshire",17414,15997,1417,91.9,8.1,15997,1417
2016-04-01,"Apr","2016","S08000015","NHS Ayrshire and Arran",10250,9601,649,93.7,6.3,9601,649
2016-04-01,"Apr","2016","S08000016","NHS Borders",2541,2411,130,94.9,5.1,2411,130
2016-04-01,"Apr","2016","S08000017","NHS Dumfries and Galloway",3978,3806,172,95.7,4.3,3806,172
2016-04-01,"Apr","2016","S08000019","NHS Forth Valley",6499,6213,286,95.6,4.4,6213,286
2016-04-01,"Apr","2016","S08000020","NHS Grampian",10797,10436,361,96.7,3.3,10436,361
2016-04-01,"Apr","2016","S08000022","NHS Highland",8024,7823,201,97.5,2.5,7823,201
2016-04-01,"Apr","2016","S08000024","NHS Lothian",21624,20208,1416,93.5,6.5,20208,1416
2016-04-01,"Apr","2016","S08000025","NHS Orkney",482,479,3,99.4,0.6,479,3
2016-04-01,"Apr","2016","S08000026","NHS Shetland",588,541,47,92,8,541,47
2016-04-01,"Apr","2016","S08000028","NHS Western Isles",693,691,2,99.7,0.3,691,2
2016-04-01,"Apr","2016","S08000029","NHS Fife",7265,6988,277,96.2,3.8,6988,277
2016-04-01,"Apr","2016","S08000030","NHS Tayside",8664,8596,68,99.2,0.8,8596,68
2016-04-01,"Apr","2016","S08000031","NHS Greater Glasgow and Clyde",34146,32049,2097,93.9,6.1,32049,2097
2016-04-01,"Apr","2016","S08000032","NHS Lanarkshire",16200,15433,767,95.3,4.7,15433,767
2016-05-01,"May","2016","S08000015","NHS Ayrshire and Arran",10691,10176,515,95.2,4.8,10176,515
2016-05-01,"May","2016","S08000016","NHS Borders",2895,2697,198,93.2,6.8,2697,198
2016-05-01,"May","2016","S08000017","NHS Dumfries and Galloway",4422,4278,144,96.7,3.3,4278,144
2016-05-01,"May","2016","S08000019","NHS Forth Valley",7501,6941,560,92.5,7.5,6941,560
2016-05-01,"May","2016","S08000020","NHS Grampian",12706,12297,409,96.8,3.2,12297,409
2016-05-01,"May","2016","S08000022","NHS Highland",9475,9226,249,97.4,2.6,9226,249
2016-05-01,"May","2016","S08000024","NHS Lothian",24114,22513,1601,93.4,6.6,22513,1601
2016-05-01,"May","2016","S08000025","NHS Orkney",522,509,13,97.5,2.5,509,13
2016-05-01,"May","2016","S08000026","NHS Shetland",672,645,27,96,4,645,27
2016-05-01,"May","2016","S08000028","NHS Western Isles",715,714,1,99.9,0.1,714,1
2016-05-01,"May","2016","S08000029","NHS Fife",8473,8103,370,95.6,4.4,8103,370
2016-05-01,"May","2016","S08000030","NHS Tayside",9881,9774,107,98.9,1.1,9774,107
2016-05-01,"May","2016","S08000031","NHS Greater Glasgow and Clyde",38558,35606,2952,92.3,7.7,35606,2952
2016-05-01,"May","2016","S08000032","NHS Lanarkshire",17889,16830,1059,94.1,5.9,16830,1059
2016-06-01,"Jun","2016","S08000015","NHS Ayrshire and Arran",10460,9834,626,94,6,9834,626
2016-06-01,"Jun","2016","S08000016","NHS Borders",2614,2540,74,97.2,2.8,2540,74
2016-06-01,"Jun","2016","S08000017","NHS Dumfries and Galloway",4274,4136,138,96.8,3.2,4136,138
2016-06-01,"Jun","2016","S08000019","NHS Forth Valley",6746,6467,279,95.9,4.1,6467,279
2016-06-01,"Jun","2016","S08000020","NHS Grampian",11648,11327,321,97.2,2.8,11327,321
2016-06-01,"Jun","2016","S08000022","NHS Highland",9401,9196,205,97.8,2.2,9196,205
2016-06-01,"Jun","2016","S08000024","NHS Lothian",22445,21443,1002,95.5,4.5,21443,1002
2016-06-01,"Jun","2016","S08000025","NHS Orkney",519,507,12,97.7,2.3,507,12
2016-06-01,"Jun","2016","S08000026","NHS Shetland",699,660,39,94.4,5.6,660,39
2016-06-01,"Jun","2016","S08000028","NHS Western Isles",816,811,5,99.4,0.6,811,5
2016-06-01,"Jun","2016","S08000029","NHS Fife",7876,7654,222,97.2,2.8,7654,222
2016-06-01,"Jun","2016","S08000030","NHS Tayside",9144,9081,63,99.3,0.7,9081,63
2016-06-01,"Jun","2016","S08000031","NHS Greater Glasgow and Clyde",35743,33715,2028,94.3,5.7,33715,2028
2016-06-01,"Jun","2016","S08000032","NHS Lanarkshire",16903,15916,987,94.2,5.8,15916,987
2016-07-01,"Jul","2016","S08000015","NHS Ayrshire and Arran",9941,9370,571,94.3,5.7,9370,571
2016-07-01,"Jul","2016","S08000016","NHS Borders",2587,2501,86,96.7,3.3,2501,86
2016-07-01,"Jul","2016","S08000017","NHS Dumfries and Galloway",4399,4303,96,97.8,2.2,4303,96
2016-07-01,"Jul","2016","S08000019","NHS Forth Valley",6550,6374,176,97.3,2.7,6374,176
2016-07-01,"Jul","2016","S08000020","NHS Grampian",11805,11422,383,96.8,3.2,11422,383
2016-07-01,"Jul","2016","S08000022","NHS Highland",9360,9136,224,97.6,2.4,9136,224
2016-07-01,"Jul","2016","S08000024","NHS Lothian",21394,20782,612,97.1,2.9,20782,612
2016-07-01,"Jul","2016","S08000025","NHS Orkney",547,536,11,98,2,536,11
2016-07-01,"Jul","2016","S08000026","NHS Shetland",665,636,29,95.6,4.4,636,29
2016-07-01,"Jul","2016","S08000028","NHS Western Isles",889,886,3,99.7,0.3,886,3
2016-07-01,"Jul","2016","S08000029","NHS Fife",7517,7326,191,97.5,2.5,7326,191
2016-07-01,"Jul","2016","S08000030","NHS Tayside",9469,9426,43,99.5,0.5,9426,43
2016-07-01,"Jul","2016","S08000031","NHS Greater Glasgow and Clyde",34075,31691,2384,93,7,31691,2384
2016-07-01,"Jul","2016","S08000032","NHS Lanarkshire",16323,15379,944,94.2,5.8,15379,944
2016-08-01,"Aug","2016","S08000015","NHS Ayrshire and Arran",10370,9738,632,93.9,6.1,9738,632
2016-08-01,"Aug","2016","S08000016","NHS Borders",2733,2578,155,94.3,5.7,2578,155
2016-08-01,"Aug","2016","S08000017","NHS Dumfries and Galloway",4501,4285,216,95.2,4.8,4285,216
2016-08-01,"Aug","2016","S08000019","NHS Forth Valley",6855,6524,331,95.2,4.8,6524,331
2016-08-01,"Aug","2016","S08000020","NHS Grampian",12045,11658,387,96.8,3.2,11658,387
2016-08-01,"Aug","2016","S08000022","NHS Highland",10009,9633,376,96.2,3.8,9633,376
2016-08-01,"Aug","2016","S08000024","NHS Lothian",23305,22014,1291,94.5,5.5,22014,1291
2016-08-01,"Aug","2016","S08000025","NHS Orkney",512,500,12,97.7,2.3,500,12
2016-08-01,"Aug","2016","S08000026","NHS Shetland",603,577,26,95.7,4.3,577,26
2016-08-01,"Aug","2016","S08000028","NHS Western Isles",779,776,3,99.6,0.4,776,3
2016-08-01,"Aug","2016","S08000029","NHS Fife",8139,7855,284,96.5,3.5,7855,284
2016-08-01,"Aug","2016","S08000030","NHS Tayside",9562,9428,134,98.6,1.4,9428,134
2016-08-01,"Aug","2016","S08000031","NHS Greater Glasgow and Clyde",36618,33978,2640,92.8,7.2,33978,2640
2016-08-01,"Aug","2016","S08000032","NHS Lanarkshire",16908,15896,1012,94,6,15896,1012
2016-09-01,"Sep","2016","S08000015","NHS Ayrshire and Arran",10243,9595,648,93.7,6.3,9595,648
2016-09-01,"Sep","2016","S08000016","NHS Borders",2680,2548,132,95.1,4.9,2548,132
2016-09-01,"Sep","2016","S08000017","NHS Dumfries and Galloway",3990,3809,181,95.5,4.5,3809,181
2016-09-01,"Sep","2016","S08000019","NHS Forth Valley",6684,6407,277,95.9,4.1,6407,277
2016-09-01,"Sep","2016","S08000020","NHS Grampian",12330,11800,530,95.7,4.3,11800,530
2016-09-01,"Sep","2016","S08000022","NHS Highland",9168,8931,237,97.4,2.6,8931,237
2016-09-01,"Sep","2016","S08000024","NHS Lothian",23479,21903,1576,93.3,6.7,21903,1576
2016-09-01,"Sep","2016","S08000025","NHS Orkney",514,508,6,98.8,1.2,508,6
2016-09-01,"Sep","2016","S08000026","NHS Shetland",644,612,32,95,5,612,32
2016-09-01,"Sep","2016","S08000028","NHS Western Isles",726,718,8,98.9,1.1,718,8
2016-09-01,"Sep","2016","S08000029","NHS Fife",8140,7779,361,95.6,4.4,7779,361
2016-09-01,"Sep","2016","S08000030","NHS Tayside",9488,9381,107,98.9,1.1,9381,107
2016-09-01,"Sep","2016","S08000031","NHS Greater Glasgow and Clyde",35928,33898,2030,94.3,5.7,33898,2030
2016-09-01,"Sep","2016","S08000032","NHS Lanarkshire",17091,15954,1137,93.3,6.7,15954,1137
2016-10-01,"Oct","2016","S08000015","NHS Ayrshire and Arran",9911,9087,824,91.7,8.3,9087,824
2016-10-01,"Oct","2016","S08000016","NHS Borders",2592,2472,120,95.4,4.6,2472,120
2016-10-01,"Oct","2016","S08000017","NHS Dumfries and Galloway",4063,3874,189,95.3,4.7,3874,189
2016-10-01,"Oct","2016","S08000019","NHS Forth Valley",6580,6163,417,93.7,6.3,6163,417
2016-10-01,"Oct","2016","S08000020","NHS Grampian",11276,10735,541,95.2,4.8,10735,541
2016-10-01,"Oct","2016","S08000022","NHS Highland",8264,8049,215,97.4,2.6,8049,215
2016-10-01,"Oct","2016","S08000024","NHS Lothian",23101,21522,1579,93.2,6.8,21522,1579
2016-10-01,"Oct","2016","S08000025","NHS Orkney",431,423,8,98.1,1.9,423,8
2016-10-01,"Oct","2016","S08000026","NHS Shetland",581,562,19,96.7,3.3,562,19
2016-10-01,"Oct","2016","S08000028","NHS Western Isles",720,709,11,98.5,1.5,709,11
2016-10-01,"Oct","2016","S08000029","NHS Fife",7314,6939,375,94.9,5.1,6939,375
2016-10-01,"Oct","2016","S08000030","NHS Tayside",9032,8904,128,98.6,1.4,8904,128
2016-10-01,"Oct","2016","S08000031","NHS Greater Glasgow and Clyde",36170,33662,2508,93.1,6.9,33662,2508
2016-10-01,"Oct","2016","S08000032","NHS Lanarkshire",16707,15332,1375,91.8,8.2,15332,1375
2016-11-01,"Nov","2016","S08000015","NHS Ayrshire and Arran",9387,8570,817,91.3,8.7,8570,817
2016-11-01,"Nov","2016","S08000016","NHS Borders",2352,2240,112,95.2,4.8,2240,112
2016-11-01,"Nov","2016","S08000017","NHS Dumfries and Galloway",3827,3609,218,94.3,5.7,3609,218
2016-11-01,"Nov","2016","S08000019","NHS Forth Valley",6238,5668,570,90.9,9.1,5668,570
2016-11-01,"Nov","2016","S08000020","NHS Grampian",10562,10209,353,96.7,3.3,10209,353
2016-11-01,"Nov","2016","S08000022","NHS Highland",7553,7332,221,97.1,2.9,7332,221
2016-11-01,"Nov","2016","S08000024","NHS Lothian",22229,21013,1216,94.5,5.5,21013,1216
2016-11-01,"Nov","2016","S08000025","NHS Orkney",433,428,5,98.8,1.2,428,5
2016-11-01,"Nov","2016","S08000026","NHS Shetland",558,547,11,98,2,547,11
2016-11-01,"Nov","2016","S08000028","NHS Western Isles",652,645,7,98.9,1.1,645,7
2016-11-01,"Nov","2016","S08000029","NHS Fife",7065,6586,479,93.2,6.8,6586,479
2016-11-01,"Nov","2016","S08000030","NHS Tayside",8200,8095,105,98.7,1.3,8095,105
2016-11-01,"Nov","2016","S08000031","NHS Greater Glasgow and Clyde",34320,31415,2905,91.5,8.5,31415,2905
2016-11-01,"Nov","2016","S08000032","NHS Lanarkshire",15851,14550,1301,91.8,8.2,14550,1301
2016-12-01,"Dec","2016","S08000015","NHS Ayrshire and Arran",9525,8909,616,93.5,6.5,8909,616
2016-12-01,"Dec","2016","S08000016","NHS Borders",2437,2355,82,96.6,3.4,2355,82
2016-12-01,"Dec","2016","S08000017","NHS Dumfries and Galloway",4013,3746,267,93.3,6.7,3746,267
2016-12-01,"Dec","2016","S08000019","NHS Forth Valley",6186,5826,360,94.2,5.8,5826,360
2016-12-01,"Dec","2016","S08000020","NHS Grampian",11221,10545,676,94,6,10545,676
2016-12-01,"Dec","2016","S08000022","NHS Highland",8134,7805,329,96,4,7805,329
2016-12-01,"Dec","2016","S08000024","NHS Lothian",22080,20418,1662,92.5,7.5,20418,1662
2016-12-01,"Dec","2016","S08000025","NHS Orkney",452,441,11,97.6,2.4,441,11
2016-12-01,"Dec","2016","S08000026","NHS Shetland",646,631,15,97.7,2.3,631,15
2016-12-01,"Dec","2016","S08000028","NHS Western Isles",714,711,3,99.6,0.4,711,3
2016-12-01,"Dec","2016","S08000029","NHS Fife",7130,6679,451,93.7,6.3,6679,451
2016-12-01,"Dec","2016","S08000030","NHS Tayside",8535,8361,174,98,2,8361,174
2016-12-01,"Dec","2016","S08000031","NHS Greater Glasgow and Clyde",33597,29845,3752,88.8,11.2,29845,3752
2016-12-01,"Dec","2016","S08000032","NHS Lanarkshire",16169,14901,1268,92.2,7.8,14901,1268
2017-01-01,"Jan","2017","S08000015","NHS Ayrshire and Arran",9372,8412,960,89.8,10.2,8412,960
2017-01-01,"Jan","2017","S08000016","NHS Borders",2428,2202,226,90.7,9.3,2202,226
2017-01-01,"Jan","2017","S08000017","NHS Dumfries and Galloway",4043,3683,360,91.1,8.9,3683,360
2017-01-01,"Jan","2017","S08000019","NHS Forth Valley",6181,5614,567,90.8,9.2,5614,567
2017-01-01,"Jan","2017","S08000020","NHS Grampian",10768,10224,544,94.9,5.1,10224,544
2017-01-01,"Jan","2017","S08000022","NHS Highland",7888,7546,342,95.7,4.3,7546,342
2017-01-01,"Jan","2017","S08000024","NHS Lothian",21747,20184,1563,92.8,7.2,20184,1563
2017-01-01,"Jan","2017","S08000025","NHS Orkney",431,422,9,97.9,2.1,422,9
2017-01-01,"Jan","2017","S08000026","NHS Shetland",557,538,19,96.6,3.4,538,19
2017-01-01,"Jan","2017","S08000028","NHS Western Isles",632,625,7,98.9,1.1,625,7
2017-01-01,"Jan","2017","S08000029","NHS Fife",6883,6437,446,93.5,6.5,6437,446
2017-01-01,"Jan","2017","S08000030","NHS Tayside",8191,8064,127,98.4,1.6,8064,127
2017-01-01,"Jan","2017","S08000031","NHS Greater Glasgow and Clyde",33327,29761,3566,89.3,10.7,29761,3566
2017-01-01,"Jan","2017","S08000032","NHS Lanarkshire",16195,14447,1748,89.2,10.8,14447,1748
2017-02-01,"Feb","2017","S08000015","NHS Ayrshire and Arran",8665,7893,772,91.1,8.9,7893,772
2017-02-01,"Feb","2017","S08000016","NHS Borders",2177,2087,90,95.9,4.1,2087,90
2017-02-01,"Feb","2017","S08000017","NHS Dumfries and Galloway",3548,3250,298,91.6,8.4,3250,298
2017-02-01,"Feb","2017","S08000019","NHS Forth Valley",5821,5405,416,92.9,7.1,5405,416
2017-02-01,"Feb","2017","S08000020","NHS Grampian",9729,9268,461,95.3,4.7,9268,461
2017-02-01,"Feb","2017","S08000022","NHS Highland",6953,6581,372,94.6,5.4,6581,372
2017-02-01,"Feb","2017","S08000024","NHS Lothian",20063,18707,1356,93.2,6.8,18707,1356
2017-02-01,"Feb","2017","S08000025","NHS Orkney",428,402,26,93.9,6.1,402,26
2017-02-01,"Feb","2017","S08000026","NHS Shetland",584,576,8,98.6,1.4,576,8
2017-02-01,"Feb","2017","S08000028","NHS Western Isles",600,600,0,100,0,600,0
2017-02-01,"Feb","2017","S08000029","NHS Fife",6453,6113,340,94.7,5.3,6113,340
2017-02-01,"Feb","2017","S08000030","NHS Tayside",7593,7497,96,98.7,1.3,7497,96
2017-02-01,"Feb","2017","S08000031","NHS Greater Glasgow and Clyde",31012,28009,3003,90.3,9.7,28009,3003
2017-02-01,"Feb","2017","S08000032","NHS Lanarkshire",15166,13543,1623,89.3,10.7,13543,1623
2017-03-01,"Mar","2017","S08000015","NHS Ayrshire and Arran",10180,9541,639,93.7,6.3,9541,639
2017-03-01,"Mar","2017","S08000016","NHS Borders",2531,2359,172,93.2,6.8,2359,172
2017-03-01,"Mar","2017","S08000017","NHS Dumfries and Galloway",4163,3901,262,93.7,6.3,3901,262
2017-03-01,"Mar","2017","S08000019","NHS Forth Valley",6808,6614,194,97.2,2.8,6614,194
2017-03-01,"Mar","2017","S08000020","NHS Grampian",11643,11185,458,96.1,3.9,11185,458
2017-03-01,"Mar","2017","S08000022","NHS Highland",8218,7959,259,96.8,3.2,7959,259
2017-03-01,"Mar","2017","S08000024","NHS Lothian",23476,22471,1005,95.7,4.3,22471,1005
2017-03-01,"Mar","2017","S08000025","NHS Orkney",477,465,12,97.5,2.5,465,12
2017-03-01,"Mar","2017","S08000026","NHS Shetland",591,574,17,97.1,2.9,574,17
2017-03-01,"Mar","2017","S08000028","NHS Western Isles",668,663,5,99.3,0.7,663,5
2017-03-01,"Mar","2017","S08000029","NHS Fife",7660,7293,367,95.2,4.8,7293,367
2017-03-01,"Mar","2017","S08000030","NHS Tayside",8861,8738,123,98.6,1.4,8738,123
2017-03-01,"Mar","2017","S08000031","NHS Greater Glasgow and Clyde",36312,32937,3375,90.7,9.3,32937,3375
2017-03-01,"Mar","2017","S08000032","NHS Lanarkshire",17219,15504,1715,90,10,15504,1715
2017-04-01,"Apr","2017","S08000015","NHS Ayrshire and Arran",10040,9646,394,96.1,3.9,9646,394
2017-04-01,"Apr","2017","S08000016","NHS Borders",2688,2516,172,93.6,6.4,2516,172
2017-04-01,"Apr","2017","S08000017","NHS Dumfries and Galloway",4173,3916,257,93.8,6.2,3916,257
2017-04-01,"Apr","2017","S08000019","NHS Forth Valley",6914,6284,630,90.9,9.1,6284,630
2017-04-01,"Apr","2017","S08000020","NHS Grampian",11210,10777,433,96.1,3.9,10777,433
2017-04-01,"Apr","2017","S08000022","NHS Highland",8277,8014,263,96.8,3.2,8014,263
2017-04-01,"Apr","2017","S08000024","NHS Lothian",22296,21237,1059,95.3,4.7,21237,1059
2017-04-01,"Apr","2017","S08000025","NHS Orkney",521,497,24,95.4,4.6,497,24
2017-04-01,"Apr","2017","S08000026","NHS Shetland",619,603,16,97.4,2.6,603,16
2017-04-01,"Apr","2017","S08000028","NHS Western Isles",732,729,3,99.6,0.4,729,3
2017-04-01,"Apr","2017","S08000029","NHS Fife",7546,7022,524,93.1,6.9,7022,524
2017-04-01,"Apr","2017","S08000030","NHS Tayside",9388,9254,134,98.6,1.4,9254,134
2017-04-01,"Apr","2017","S08000031","NHS Greater Glasgow and Clyde",34990,31236,3754,89.3,10.7,31236,3754
2017-04-01,"Apr","2017","S08000032","NHS Lanarkshire",16679,15331,1348,91.9,8.1,15331,1348
2017-05-01,"May","2017","S08000015","NHS Ayrshire and Arran",11269,10744,525,95.3,4.7,10744,525
2017-05-01,"May","2017","S08000016","NHS Borders",2877,2689,188,93.5,6.5,2689,188
2017-05-01,"May","2017","S08000017","NHS Dumfries and Galloway",4564,4354,210,95.4,4.6,4354,210
2017-05-01,"May","2017","S08000019","NHS Forth Valley",7584,6961,623,91.8,8.2,6961,623
2017-05-01,"May","2017","S08000020","NHS Grampian",12515,12119,396,96.8,3.2,12119,396
2017-05-01,"May","2017","S08000022","NHS Highland",9803,9547,256,97.4,2.6,9547,256
2017-05-01,"May","2017","S08000024","NHS Lothian",24125,22949,1176,95.1,4.9,22949,1176
2017-05-01,"May","2017","S08000025","NHS Orkney",563,543,20,96.4,3.6,543,20
2017-05-01,"May","2017","S08000026","NHS Shetland",680,656,24,96.5,3.5,656,24
2017-05-01,"May","2017","S08000028","NHS Western Isles",843,837,6,99.3,0.7,837,6
2017-05-01,"May","2017","S08000029","NHS Fife",8275,7833,442,94.7,5.3,7833,442
2017-05-01,"May","2017","S08000030","NHS Tayside",10069,9845,224,97.8,2.2,9845,224
2017-05-01,"May","2017","S08000031","NHS Greater Glasgow and Clyde",38529,34957,3572,90.7,9.3,34957,3572
2017-05-01,"May","2017","S08000032","NHS Lanarkshire",18723,17294,1429,92.4,7.6,17294,1429
2017-06-01,"Jun","2017","S08000015","NHS Ayrshire and Arran",9854,9541,313,96.8,3.2,9541,313
2017-06-01,"Jun","2017","S08000016","NHS Borders",2743,2666,77,97.2,2.8,2666,77
2017-06-01,"Jun","2017","S08000017","NHS Dumfries and Galloway",4243,4058,185,95.6,4.4,4058,185
2017-06-01,"Jun","2017","S08000019","NHS Forth Valley",7077,6697,380,94.6,5.4,6697,380
2017-06-01,"Jun","2017","S08000020","NHS Grampian",11629,11294,335,97.1,2.9,11294,335
2017-06-01,"Jun","2017","S08000022","NHS Highland",9369,9124,245,97.4,2.6,9124,245
2017-06-01,"Jun","2017","S08000024","NHS Lothian",22702,21731,971,95.7,4.3,21731,971
2017-06-01,"Jun","2017","S08000025","NHS Orkney",516,511,5,99,1,511,5
2017-06-01,"Jun","2017","S08000026","NHS Shetland",665,652,13,98,2,652,13
2017-06-01,"Jun","2017","S08000028","NHS Western Isles",759,756,3,99.6,0.4,756,3
2017-06-01,"Jun","2017","S08000029","NHS Fife",7771,7474,297,96.2,3.8,7474,297
2017-06-01,"Jun","2017","S08000030","NHS Tayside",9294,9174,120,98.7,1.3,9174,120
2017-06-01,"Jun","2017","S08000031","NHS Greater Glasgow and Clyde",34926,32510,2416,93.1,6.9,32510,2416
2017-06-01,"Jun","2017","S08000032","NHS Lanarkshire",17253,16300,953,94.5,5.5,16300,953
2017-07-01,"Jul","2017","S08000015","NHS Ayrshire and Arran",9457,9141,316,96.7,3.3,9141,316
2017-07-01,"Jul","2017","S08000016","NHS Borders",2653,2547,106,96,4,2547,106
2017-07-01,"Jul","2017","S08000017","NHS Dumfries and Galloway",4488,4253,235,94.8,5.2,4253,235
2017-07-01,"Jul","2017","S08000019","NHS Forth Valley",7004,6531,473,93.2,6.8,6531,473
2017-07-01,"Jul","2017","S08000020","NHS Grampian",11547,11101,446,96.1,3.9,11101,446
2017-07-01,"Jul","2017","S08000022","NHS Highland",9772,9547,225,97.7,2.3,9547,225
2017-07-01,"Jul","2017","S08000024","NHS Lothian",21893,21035,858,96.1,3.9,21035,858
2017-07-01,"Jul","2017","S08000025","NHS Orkney",519,493,26,95,5,493,26
2017-07-01,"Jul","2017","S08000026","NHS Shetland",682,662,20,97.1,2.9,662,20
2017-07-01,"Jul","2017","S08000028","NHS Western Isles",962,957,5,99.5,0.5,957,5
2017-07-01,"Jul","2017","S08000029","NHS Fife",7668,7381,287,96.3,3.7,7381,287
2017-07-01,"Jul","2017","S08000030","NHS Tayside",9523,9372,151,98.4,1.6,9372,151
2017-07-01,"Jul","2017","S08000031","NHS Greater Glasgow and Clyde",34461,32527,1934,94.4,5.6,32527,1934
2017-07-01,"Jul","2017","S08000032","NHS Lanarkshire",16998,16221,777,95.4,4.6,16221,777
2017-08-01,"Aug","2017","S08000015","NHS Ayrshire and Arran",9350,8855,495,94.7,5.3,8855,495
2017-08-01,"Aug","2017","S08000016","NHS Borders",2743,2655,88,96.8,3.2,2655,88
2017-08-01,"Aug","2017","S08000017","NHS Dumfries and Galloway",4361,4094,267,93.9,6.1,4094,267
2017-08-01,"Aug","2017","S08000019","NHS Forth Valley",7071,6613,458,93.5,6.5,6613,458
2017-08-01,"Aug","2017","S08000020","NHS Grampian",11725,11211,514,95.6,4.4,11211,514
2017-08-01,"Aug","2017","S08000022","NHS Highland",9887,9559,328,96.7,3.3,9559,328
2017-08-01,"Aug","2017","S08000024","NHS Lothian",23192,22076,1116,95.2,4.8,22076,1116
2017-08-01,"Aug","2017","S08000025","NHS Orkney",607,593,14,97.7,2.3,593,14
2017-08-01,"Aug","2017","S08000026","NHS Shetland",663,622,41,93.8,6.2,622,41
2017-08-01,"Aug","2017","S08000028","NHS Western Isles",871,865,6,99.3,0.7,865,6
2017-08-01,"Aug","2017","S08000029","NHS Fife",7937,7680,257,96.8,3.2,7680,257
2017-08-01,"Aug","2017","S08000030","NHS Tayside",9774,9608,166,98.3,1.7,9608,166
2017-08-01,"Aug","2017","S08000031","NHS Greater Glasgow and Clyde",35695,33395,2300,93.6,6.4,33395,2300
2017-08-01,"Aug","2017","S08000032","NHS Lanarkshire",17472,16516,956,94.5,5.5,16516,956
2017-09-01,"Sep","2017","S08000015","NHS Ayrshire and Arran",9612,8749,863,91,9,8749,863
2017-09-01,"Sep","2017","S08000016","NHS Borders",2834,2691,143,95,5,2691,143
2017-09-01,"Sep","2017","S08000017","NHS Dumfries and Galloway",4466,4126,340,92.4,7.6,4126,340
2017-09-01,"Sep","2017","S08000019","NHS Forth Valley",6893,6403,490,92.9,7.1,6403,490
2017-09-01,"Sep","2017","S08000020","NHS Grampian",11836,11169,667,94.4,5.6,11169,667
2017-09-01,"Sep","2017","S08000022","NHS Highland",8979,8615,364,95.9,4.1,8615,364
2017-09-01,"Sep","2017","S08000024","NHS Lothian",23362,22039,1323,94.3,5.7,22039,1323
2017-09-01,"Sep","2017","S08000025","NHS Orkney",503,486,17,96.6,3.4,486,17
2017-09-01,"Sep","2017","S08000026","NHS Shetland",651,639,12,98.2,1.8,639,12
2017-09-01,"Sep","2017","S08000028","NHS Western Isles",751,746,5,99.3,0.7,746,5
2017-09-01,"Sep","2017","S08000029","NHS Fife",7963,7618,345,95.7,4.3,7618,345
2017-09-01,"Sep","2017","S08000030","NHS Tayside",9412,9170,242,97.4,2.6,9170,242
2017-09-01,"Sep","2017","S08000031","NHS Greater Glasgow and Clyde",36243,33159,3084,91.5,8.5,33159,3084
2017-09-01,"Sep","2017","S08000032","NHS Lanarkshire",17430,16151,1279,92.7,7.3,16151,1279
2017-10-01,"Oct","2017","S08000015","NHS Ayrshire and Arran",9520,8830,690,92.8,7.2,8830,690
2017-10-01,"Oct","2017","S08000016","NHS Borders",2742,2616,126,95.4,4.6,2616,126
2017-10-01,"Oct","2017","S08000017","NHS Dumfries and Galloway",4111,3851,260,93.7,6.3,3851,260
2017-10-01,"Oct","2017","S08000019","NHS Forth Valley",6988,6415,573,91.8,8.2,6415,573
2017-10-01,"Oct","2017","S08000020","NHS Grampian",11403,10989,414,96.4,3.6,10989,414
2017-10-01,"Oct","2017","S08000022","NHS Highland",8288,8080,208,97.5,2.5,8080,208
2017-10-01,"Oct","2017","S08000024","NHS Lothian",23395,21950,1445,93.8,6.2,21950,1445
2017-10-01,"Oct","2017","S08000025","NHS Orkney",501,462,39,92.2,7.8,462,39
2017-10-01,"Oct","2017","S08000026","NHS Shetland",577,563,14,97.6,2.4,563,14
2017-10-01,"Oct","2017","S08000028","NHS Western Isles",691,691,0,100,0,691,0
2017-10-01,"Oct","2017","S08000029","NHS Fife",7375,7197,178,97.6,2.4,7197,178
2017-10-01,"Oct","2017","S08000030","NHS Tayside",9056,8929,127,98.6,1.4,8929,127
2017-10-01,"Oct","2017","S08000031","NHS Greater Glasgow and Clyde",35903,33466,2437,93.2,6.8,33466,2437
2017-10-01,"Oct","2017","S08000032","NHS Lanarkshire",17279,16114,1165,93.3,6.7,16114,1165
2017-11-01,"Nov","2017","S08000015","NHS Ayrshire and Arran",8851,8458,393,95.6,4.4,8458,393
2017-11-01,"Nov","2017","S08000016","NHS Borders",2526,2369,157,93.8,6.2,2369,157
2017-11-01,"Nov","2017","S08000017","NHS Dumfries and Galloway",3978,3667,311,92.2,7.8,3667,311
2017-11-01,"Nov","2017","S08000019","NHS Forth Valley",6600,6263,337,94.9,5.1,6263,337
2017-11-01,"Nov","2017","S08000020","NHS Grampian",10575,10139,436,95.9,4.1,10139,436
2017-11-01,"Nov","2017","S08000022","NHS Highland",7785,7584,201,97.4,2.6,7584,201
2017-11-01,"Nov","2017","S08000024","NHS Lothian",22844,20419,2425,89.4,10.6,20419,2425
2017-11-01,"Nov","2017","S08000025","NHS Orkney",454,436,18,96,4,436,18
2017-11-01,"Nov","2017","S08000026","NHS Shetland",588,568,20,96.6,3.4,568,20
2017-11-01,"Nov","2017","S08000028","NHS Western Isles",641,634,7,98.9,1.1,634,7
2017-11-01,"Nov","2017","S08000029","NHS Fife",7135,6861,274,96.2,3.8,6861,274
2017-11-01,"Nov","2017","S08000030","NHS Tayside",8455,8306,149,98.2,1.8,8306,149
2017-11-01,"Nov","2017","S08000031","NHS Greater Glasgow and Clyde",35031,32222,2809,92,8,32222,2809
2017-11-01,"Nov","2017","S08000032","NHS Lanarkshire",16751,15403,1348,92,8,15403,1348
2017-12-01,"Dec","2017","S08000015","NHS Ayrshire and Arran",9546,8793,753,92.1,7.9,8793,753
2017-12-01,"Dec","2017","S08000016","NHS Borders",2751,2447,304,88.9,11.1,2447,304
2017-12-01,"Dec","2017","S08000017","NHS Dumfries and Galloway",4044,3508,536,86.7,13.3,3508,536
2017-12-01,"Dec","2017","S08000019","NHS Forth Valley",6996,5356,1640,76.6,23.4,5356,1640
2017-12-01,"Dec","2017","S08000020","NHS Grampian",11959,11120,839,93,7,11120,839
2017-12-01,"Dec","2017","S08000022","NHS Highland",8709,8355,354,95.9,4.1,8355,354
2017-12-01,"Dec","2017","S08000024","NHS Lothian",24028,18284,5744,76.1,23.9,18284,5744
2017-12-01,"Dec","2017","S08000025","NHS Orkney",504,489,15,97,3,489,15
2017-12-01,"Dec","2017","S08000026","NHS Shetland",709,673,36,94.9,5.1,673,36
2017-12-01,"Dec","2017","S08000028","NHS Western Isles",757,746,11,98.5,1.5,746,11
2017-12-01,"Dec","2017","S08000029","NHS Fife",7475,6789,686,90.8,9.2,6789,686
2017-12-01,"Dec","2017","S08000030","NHS Tayside",9597,9110,487,94.9,5.1,9110,487
2017-12-01,"Dec","2017","S08000031","NHS Greater Glasgow and Clyde",37001,30296,6705,81.9,18.1,30296,6705
2017-12-01,"Dec","2017","S08000032","NHS Lanarkshire",17902,14795,3107,82.6,17.4,14795,3107
2018-01-01,"Jan","2018","S08000015","NHS Ayrshire and Arran",8563,7544,1019,88.1,11.9,7544,1019
2018-01-01,"Jan","2018","S08000016","NHS Borders",2536,2201,335,86.8,13.2,2201,335
2018-01-01,"Jan","2018","S08000017","NHS Dumfries and Galloway",3712,3191,521,86,14,3191,521
2018-01-01,"Jan","2018","S08000019","NHS Forth Valley",6294,5230,1064,83.1,16.9,5230,1064
2018-01-01,"Jan","2018","S08000020","NHS Grampian",11043,10170,873,92.1,7.9,10170,873
2018-01-01,"Jan","2018","S08000022","NHS Highland",7937,7561,376,95.3,4.7,7561,376
2018-01-01,"Jan","2018","S08000024","NHS Lothian",21920,17378,4542,79.3,20.7,17378,4542
2018-01-01,"Jan","2018","S08000025","NHS Orkney",454,445,9,98,2,445,9
2018-01-01,"Jan","2018","S08000026","NHS Shetland",605,583,22,96.4,3.6,583,22
2018-01-01,"Jan","2018","S08000028","NHS Western Isles",697,689,8,98.9,1.1,689,8
2018-01-01,"Jan","2018","S08000029","NHS Fife",7034,6482,552,92.2,7.8,6482,552
2018-01-01,"Jan","2018","S08000030","NHS Tayside",8207,7948,259,96.8,3.2,7948,259
2018-01-01,"Jan","2018","S08000031","NHS Greater Glasgow and Clyde",33893,28972,4921,85.5,14.5,28972,4921
2018-01-01,"Jan","2018","S08000032","NHS Lanarkshire",16146,14079,2067,87.2,12.8,14079,2067
2018-02-01,"Feb","2018","S08000015","NHS Ayrshire and Arran",8110,7604,506,93.8,6.2,7604,506
2018-02-01,"Feb","2018","S08000016","NHS Borders",2257,2073,184,91.8,8.2,2073,184
2018-02-01,"Feb","2018","S08000017","NHS Dumfries and Galloway",3370,3011,359,89.3,10.7,3011,359
2018-02-01,"Feb","2018","S08000019","NHS Forth Valley",5937,5256,681,88.5,11.5,5256,681
2018-02-01,"Feb","2018","S08000020","NHS Grampian",9961,9314,647,93.5,6.5,9314,647
2018-02-01,"Feb","2018","S08000022","NHS Highland",7527,7105,422,94.4,5.6,7105,422
2018-02-01,"Feb","2018","S08000024","NHS Lothian",20563,16932,3631,82.3,17.7,16932,3631
2018-02-01,"Feb","2018","S08000025","NHS Orkney",476,459,17,96.4,3.6,459,17
2018-02-01,"Feb","2018","S08000026","NHS Shetland",593,581,12,98,2,581,12
2018-02-01,"Feb","2018","S08000028","NHS Western Isles",674,665,9,98.7,1.3,665,9
2018-02-01,"Feb","2018","S08000029","NHS Fife",6591,6424,167,97.5,2.5,6424,167
2018-02-01,"Feb","2018","S08000030","NHS Tayside",7798,7618,180,97.7,2.3,7618,180
2018-02-01,"Feb","2018","S08000031","NHS Greater Glasgow and Clyde",32446,28647,3799,88.3,11.7,28647,3799
2018-02-01,"Feb","2018","S08000032","NHS Lanarkshire",15363,14232,1131,92.6,7.4,14232,1131
2018-03-01,"Mar","2018","S08000015","NHS Ayrshire and Arran",9667,8779,888,90.8,9.2,8779,888
2018-03-01,"Mar","2018","S08000016","NHS Borders",2584,2313,271,89.5,10.5,2313,271
2018-03-01,"Mar","2018","S08000017","NHS Dumfries and Galloway",3864,3488,376,90.3,9.7,3488,376
2018-03-01,"Mar","2018","S08000019","NHS Forth Valley",6797,5672,1125,83.4,16.6,5672,1125
2018-03-01,"Mar","2018","S08000020","NHS Grampian",11459,10782,677,94.1,5.9,10782,677
2018-03-01,"Mar","2018","S08000022","NHS Highland",8516,8177,339,96,4,8177,339
2018-03-01,"Mar","2018","S08000024","NHS Lothian",23024,17366,5658,75.4,24.6,17366,5658
2018-03-01,"Mar","2018","S08000025","NHS Orkney",513,492,21,95.9,4.1,492,21
2018-03-01,"Mar","2018","S08000026","NHS Shetland",642,606,36,94.4,5.6,606,36
2018-03-01,"Mar","2018","S08000028","NHS Western Isles",768,750,18,97.7,2.3,750,18
2018-03-01,"Mar","2018","S08000029","NHS Fife",7268,6876,392,94.6,5.4,6876,392
2018-03-01,"Mar","2018","S08000030","NHS Tayside",8413,8245,168,98,2,8245,168
2018-03-01,"Mar","2018","S08000031","NHS Greater Glasgow and Clyde",36638,31763,4875,86.7,13.3,31763,4875
2018-03-01,"Mar","2018","S08000032","NHS Lanarkshire",17652,15888,1764,90,10,15888,1764
2018-04-01,"Apr","2018","S08000015","NHS Ayrshire and Arran",9457,8700,757,92,8,8700,757
2018-04-01,"Apr","2018","S08000016","NHS Borders",2668,2318,350,86.9,13.1,2318,350
2018-04-01,"Apr","2018","S08000017","NHS Dumfries and Galloway",3826,3488,338,91.2,8.8,3488,338
2018-04-01,"Apr","2018","S08000019","NHS Forth Valley",6920,5940,980,85.8,14.2,5940,980
2018-04-01,"Apr","2018","S08000020","NHS Grampian",11518,10883,635,94.5,5.5,10883,635
2018-04-01,"Apr","2018","S08000022","NHS Highland",8621,8340,281,96.7,3.3,8340,281
2018-04-01,"Apr","2018","S08000024","NHS Lothian",22536,18579,3957,82.4,17.6,18579,3957
2018-04-01,"Apr","2018","S08000025","NHS Orkney",533,509,24,95.5,4.5,509,24
2018-04-01,"Apr","2018","S08000026","NHS Shetland",647,618,29,95.5,4.5,618,29
2018-04-01,"Apr","2018","S08000028","NHS Western Isles",785,780,5,99.4,0.6,780,5
2018-04-01,"Apr","2018","S08000029","NHS Fife",7793,7523,270,96.5,3.5,7523,270
2018-04-01,"Apr","2018","S08000030","NHS Tayside",8986,8866,120,98.7,1.3,8866,120
2018-04-01,"Apr","2018","S08000031","NHS Greater Glasgow and Clyde",36107,31825,4282,88.1,11.9,31825,4282
2018-04-01,"Apr","2018","S08000032","NHS Lanarkshire",17366,15603,1763,89.8,10.2,15603,1763
2018-05-01,"May","2018","S08000015","NHS Ayrshire and Arran",10364,10063,301,97.1,2.9,10063,301
2018-05-01,"May","2018","S08000016","NHS Borders",2922,2724,198,93.2,6.8,2724,198
2018-05-01,"May","2018","S08000017","NHS Dumfries and Galloway",4262,4003,259,93.9,6.1,4003,259
2018-05-01,"May","2018","S08000019","NHS Forth Valley",7725,6844,881,88.6,11.4,6844,881
2018-05-01,"May","2018","S08000020","NHS Grampian",12805,12232,573,95.5,4.5,12232,573
2018-05-01,"May","2018","S08000022","NHS Highland",10313,10006,307,97,3,10006,307
2018-05-01,"May","2018","S08000024","NHS Lothian",24482,21107,3375,86.2,13.8,21107,3375
2018-05-01,"May","2018","S08000025","NHS Orkney",596,576,20,96.6,3.4,576,20
2018-05-01,"May","2018","S08000026","NHS Shetland",660,637,23,96.5,3.5,637,23
2018-05-01,"May","2018","S08000028","NHS Western Isles",845,835,10,98.8,1.2,835,10
2018-05-01,"May","2018","S08000029","NHS Fife",8761,8506,255,97.1,2.9,8506,255
2018-05-01,"May","2018","S08000030","NHS Tayside",10317,10080,237,97.7,2.3,10080,237
2018-05-01,"May","2018","S08000031","NHS Greater Glasgow and Clyde",40020,37149,2871,92.8,7.2,37149,2871
2018-05-01,"May","2018","S08000032","NHS Lanarkshire",19011,17688,1323,93,7,17688,1323
2018-06-01,"Jun","2018","S08000015","NHS Ayrshire and Arran",10271,9889,382,96.3,3.7,9889,382
2018-06-01,"Jun","2018","S08000016","NHS Borders",2946,2718,228,92.3,7.7,2718,228
2018-06-01,"Jun","2018","S08000017","NHS Dumfries and Galloway",4172,3925,247,94.1,5.9,3925,247
2018-06-01,"Jun","2018","S08000019","NHS Forth Valley",7480,6695,785,89.5,10.5,6695,785
2018-06-01,"Jun","2018","S08000020","NHS Grampian",12658,12063,595,95.3,4.7,12063,595
2018-06-01,"Jun","2018","S08000022","NHS Highland",10192,9786,406,96,4,9786,406
2018-06-01,"Jun","2018","S08000024","NHS Lothian",23210,19881,3329,85.7,14.3,19881,3329
2018-06-01,"Jun","2018","S08000025","NHS Orkney",648,633,15,97.7,2.3,633,15
2018-06-01,"Jun","2018","S08000026","NHS Shetland",689,661,28,95.9,4.1,661,28
2018-06-01,"Jun","2018","S08000028","NHS Western Isles",867,855,12,98.6,1.4,855,12
2018-06-01,"Jun","2018","S08000029","NHS Fife",8226,7963,263,96.8,3.2,7963,263
2018-06-01,"Jun","2018","S08000030","NHS Tayside",9639,9457,182,98.1,1.9,9457,182
2018-06-01,"Jun","2018","S08000031","NHS Greater Glasgow and Clyde",37788,35385,2403,93.6,6.4,35385,2403
2018-06-01,"Jun","2018","S08000032","NHS Lanarkshire",17853,16181,1672,90.6,9.4,16181,1672
2018-07-01,"Jul","2018","S08000015","NHS Ayrshire and Arran",10063,9656,407,96,4,9656,407
2018-07-01,"Jul","2018","S08000016","NHS Borders",2970,2711,259,91.3,8.7,2711,259
2018-07-01,"Jul","2018","S08000017","NHS Dumfries and Galloway",4249,3969,280,93.4,6.6,3969,280
2018-07-01,"Jul","2018","S08000019","NHS Forth Valley",7439,6673,766,89.7,10.3,6673,766
2018-07-01,"Jul","2018","S08000020","NHS Grampian",12228,11714,514,95.8,4.2,11714,514
2018-07-01,"Jul","2018","S08000022","NHS Highland",10036,9785,251,97.5,2.5,9785,251
2018-07-01,"Jul","2018","S08000024","NHS Lothian",22961,19657,3304,85.6,14.4,19657,3304
2018-07-01,"Jul","2018","S08000025","NHS Orkney",590,575,15,97.5,2.5,575,15
2018-07-01,"Jul","2018","S08000026","NHS Shetland",632,599,33,94.8,5.2,599,33
2018-07-01,"Jul","2018","S08000028","NHS Western Isles",945,936,9,99,1,936,9
2018-07-01,"Jul","2018","S08000029","NHS Fife",8232,7913,319,96.1,3.9,7913,319
2018-07-01,"Jul","2018","S08000030","NHS Tayside",9938,9772,166,98.3,1.7,9772,166
2018-07-01,"Jul","2018","S08000031","NHS Greater Glasgow and Clyde",37627,35227,2400,93.6,6.4,35227,2400
2018-07-01,"Jul","2018","S08000032","NHS Lanarkshire",17731,16276,1455,91.8,8.2,16276,1455
2018-08-01,"Aug","2018","S08000015","NHS Ayrshire and Arran",9748,9216,532,94.5,5.5,9216,532
2018-08-01,"Aug","2018","S08000016","NHS Borders",2909,2747,162,94.4,5.6,2747,162
2018-08-01,"Aug","2018","S08000017","NHS Dumfries and Galloway",4281,4008,273,93.6,6.4,4008,273
2018-08-01,"Aug","2018","S08000019","NHS Forth Valley",7238,6117,1121,84.5,15.5,6117,1121
2018-08-01,"Aug","2018","S08000020","NHS Grampian",12043,11457,586,95.1,4.9,11457,586
2018-08-01,"Aug","2018","S08000022","NHS Highland",10152,9801,351,96.5,3.5,9801,351
2018-08-01,"Aug","2018","S08000024","NHS Lothian",24065,20361,3704,84.6,15.4,20361,3704
2018-08-01,"Aug","2018","S08000025","NHS Orkney",622,601,21,96.6,3.4,601,21
2018-08-01,"Aug","2018","S08000026","NHS Shetland",658,645,13,98,2,645,13
2018-08-01,"Aug","2018","S08000028","NHS Western Isles",831,827,4,99.5,0.5,827,4
2018-08-01,"Aug","2018","S08000029","NHS Fife",7956,7738,218,97.3,2.7,7738,218
2018-08-01,"Aug","2018","S08000030","NHS Tayside",9494,9209,285,97,3,9209,285
2018-08-01,"Aug","2018","S08000031","NHS Greater Glasgow and Clyde",36985,33865,3120,91.6,8.4,33865,3120
2018-08-01,"Aug","2018","S08000032","NHS Lanarkshire",17896,16671,1225,93.2,6.8,16671,1225
2018-09-01,"Sep","2018","S08000015","NHS Ayrshire and Arran",9665,8893,772,92,8,8893,772
2018-09-01,"Sep","2018","S08000016","NHS Borders",2752,2650,102,96.3,3.7,2650,102
2018-09-01,"Sep","2018","S08000017","NHS Dumfries and Galloway",3995,3684,311,92.2,7.8,3684,311
2018-09-01,"Sep","2018","S08000019","NHS Forth Valley",7201,5918,1283,82.2,17.8,5918,1283
2018-09-01,"Sep","2018","S08000020","NHS Grampian",11940,11313,627,94.7,5.3,11313,627
2018-09-01,"Sep","2018","S08000022","NHS Highland",9067,8745,322,96.4,3.6,8745,322
2018-09-01,"Sep","2018","S08000024","NHS Lothian",23118,19296,3822,83.5,16.5,19296,3822
2018-09-01,"Sep","2018","S08000025","NHS Orkney",572,536,36,93.7,6.3,536,36
2018-09-01,"Sep","2018","S08000026","NHS Shetland",589,569,20,96.6,3.4,569,20
2018-09-01,"Sep","2018","S08000028","NHS Western Isles",788,775,13,98.4,1.6,775,13
2018-09-01,"Sep","2018","S08000029","NHS Fife",7748,7406,342,95.6,4.4,7406,342
2018-09-01,"Sep","2018","S08000030","NHS Tayside",9415,9178,237,97.5,2.5,9178,237
2018-09-01,"Sep","2018","S08000031","NHS Greater Glasgow and Clyde",36513,33124,3389,90.7,9.3,33124,3389
2018-09-01,"Sep","2018","S08000032","NHS Lanarkshire",17233,15720,1513,91.2,8.8,15720,1513
2018-10-01,"Oct","2018","S08000015","NHS Ayrshire and Arran",9744,9135,609,93.8,6.2,9135,609
2018-10-01,"Oct","2018","S08000016","NHS Borders",2861,2708,153,94.7,5.3,2708,153
2018-10-01,"Oct","2018","S08000017","NHS Dumfries and Galloway",3861,3659,202,94.8,5.2,3659,202
2018-10-01,"Oct","2018","S08000019","NHS Forth Valley",7062,5869,1193,83.1,16.9,5869,1193
2018-10-01,"Oct","2018","S08000020","NHS Grampian",10929,10421,508,95.4,4.6,10421,508
2018-10-01,"Oct","2018","S08000022","NHS Highland",8286,8038,248,97,3,8038,248
2018-10-01,"Oct","2018","S08000024","NHS Lothian",23252,20756,2496,89.3,10.7,20756,2496
2018-10-01,"Oct","2018","S08000025","NHS Orkney",493,470,23,95.3,4.7,470,23
2018-10-01,"Oct","2018","S08000026","NHS Shetland",653,626,27,95.9,4.1,626,27
2018-10-01,"Oct","2018","S08000028","NHS Western Isles",725,720,5,99.3,0.7,720,5
2018-10-01,"Oct","2018","S08000029","NHS Fife",7551,7232,319,95.8,4.2,7232,319
2018-10-01,"Oct","2018","S08000030","NHS Tayside",8564,8446,118,98.6,1.4,8446,118
2018-10-01,"Oct","2018","S08000031","NHS Greater Glasgow and Clyde",36830,33537,3293,91.1,8.9,33537,3293
2018-10-01,"Oct","2018","S08000032","NHS Lanarkshire",17354,15805,1549,91.1,8.9,15805,1549
2018-11-01,"Nov","2018","S08000015","NHS Ayrshire and Arran",9343,8603,740,92.1,7.9,8603,740
2018-11-01,"Nov","2018","S08000016","NHS Borders",2578,2489,89,96.5,3.5,2489,89
2018-11-01,"Nov","2018","S08000017","NHS Dumfries and Galloway",3712,3532,180,95.2,4.8,3532,180
2018-11-01,"Nov","2018","S08000019","NHS Forth Valley",6794,5323,1471,78.3,21.7,5323,1471
2018-11-01,"Nov","2018","S08000020","NHS Grampian",10788,10185,603,94.4,5.6,10185,603
2018-11-01,"Nov","2018","S08000022","NHS Highland",7840,7627,213,97.3,2.7,7627,213
2018-11-01,"Nov","2018","S08000024","NHS Lothian",23495,20965,2530,89.2,10.8,20965,2530
2018-11-01,"Nov","2018","S08000025","NHS Orkney",520,493,27,94.8,5.2,493,27
2018-11-01,"Nov","2018","S08000026","NHS Shetland",682,663,19,97.2,2.8,663,19
2018-11-01,"Nov","2018","S08000028","NHS Western Isles",670,662,8,98.8,1.2,662,8
2018-11-01,"Nov","2018","S08000029","NHS Fife",7458,7130,328,95.6,4.4,7130,328
2018-11-01,"Nov","2018","S08000030","NHS Tayside",8432,8212,220,97.4,2.6,8212,220
2018-11-01,"Nov","2018","S08000031","NHS Greater Glasgow and Clyde",36076,32521,3555,90.1,9.9,32521,3555
2018-11-01,"Nov","2018","S08000032","NHS Lanarkshire",17007,15163,1844,89.2,10.8,15163,1844
2018-12-01,"Dec","2018","S08000015","NHS Ayrshire and Arran",9598,8718,880,90.8,9.2,8718,880
2018-12-01,"Dec","2018","S08000016","NHS Borders",2568,2416,152,94.1,5.9,2416,152
2018-12-01,"Dec","2018","S08000017","NHS Dumfries and Galloway",3910,3511,399,89.8,10.2,3511,399
2018-12-01,"Dec","2018","S08000019","NHS Forth Valley",6943,5446,1497,78.4,21.6,5446,1497
2018-12-01,"Dec","2018","S08000020","NHS Grampian",11385,10646,739,93.5,6.5,10646,739
2018-12-01,"Dec","2018","S08000022","NHS Highland",8283,7950,333,96,4,7950,333
2018-12-01,"Dec","2018","S08000024","NHS Lothian",23712,20349,3363,85.8,14.2,20349,3363
2018-12-01,"Dec","2018","S08000025","NHS Orkney",535,506,29,94.6,5.4,506,29
2018-12-01,"Dec","2018","S08000026","NHS Shetland",649,633,16,97.5,2.5,633,16
2018-12-01,"Dec","2018","S08000028","NHS Western Isles",738,731,7,99.1,0.9,731,7
2018-12-01,"Dec","2018","S08000029","NHS Fife",7425,6893,532,92.8,7.2,6893,532
2018-12-01,"Dec","2018","S08000030","NHS Tayside",8436,8217,219,97.4,2.6,8217,219
2018-12-01,"Dec","2018","S08000031","NHS Greater Glasgow and Clyde",36788,32168,4620,87.4,12.6,32168,4620
2018-12-01,"Dec","2018","S08000032","NHS Lanarkshire",17157,15534,1623,90.5,9.5,15534,1623
2019-01-01,"Jan","2019","S08000015","NHS Ayrshire and Arran",9595,8429,1166,87.8,12.2,8429,1166
2019-01-01,"Jan","2019","S08000016","NHS Borders",2672,2494,178,93.3,6.7,2494,178
2019-01-01,"Jan","2019","S08000017","NHS Dumfries and Galloway",3752,3384,368,90.2,9.8,3384,368
2019-01-01,"Jan","2019","S08000019","NHS Forth Valley",6917,5678,1239,82.1,17.9,5678,1239
2019-01-01,"Jan","2019","S08000020","NHS Grampian",11112,10313,799,92.8,7.2,10313,799
2019-01-01,"Jan","2019","S08000022","NHS Highland",8076,7680,396,95.1,4.9,7680,396
2019-01-01,"Jan","2019","S08000024","NHS Lothian",23735,20337,3398,85.7,14.3,20337,3398
2019-01-01,"Jan","2019","S08000025","NHS Orkney",520,499,21,96,4,499,21
2019-01-01,"Jan","2019","S08000026","NHS Shetland",625,599,26,95.8,4.2,599,26
2019-01-01,"Jan","2019","S08000028","NHS Western Isles",678,668,10,98.5,1.5,668,10
2019-01-01,"Jan","2019","S08000029","NHS Fife",7397,6785,612,91.7,8.3,6785,612
2019-01-01,"Jan","2019","S08000030","NHS Tayside",8369,8119,250,97,3,8119,250
2019-01-01,"Jan","2019","S08000031","NHS Greater Glasgow and Clyde",37416,32594,4822,87.1,12.9,32594,4822
2019-01-01,"Jan","2019","S08000032","NHS Lanarkshire",18021,15693,2328,87.1,12.9,15693,2328
2019-02-01,"Feb","2019","S08000015","NHS Ayrshire and Arran",8782,7587,1195,86.4,13.6,7587,1195
2019-02-01,"Feb","2019","S08000016","NHS Borders",2425,2215,210,91.3,8.7,2215,210
2019-02-01,"Feb","2019","S08000017","NHS Dumfries and Galloway",3694,3267,427,88.4,11.6,3267,427
2019-02-01,"Feb","2019","S08000019","NHS Forth Valley",6341,6027,314,95,5,6027,314
2019-02-01,"Feb","2019","S08000020","NHS Grampian",10920,9901,1019,90.7,9.3,9901,1019
2019-02-01,"Feb","2019","S08000022","NHS Highland",7611,7235,376,95.1,4.9,7235,376
2019-02-01,"Feb","2019","S08000024","NHS Lothian",22259,18909,3350,84.9,15.1,18909,3350
2019-02-01,"Feb","2019","S08000025","NHS Orkney",500,478,22,95.6,4.4,478,22
2019-02-01,"Feb","2019","S08000026","NHS Shetland",616,579,37,94,6,579,37
2019-02-01,"Feb","2019","S08000028","NHS Western Isles",645,638,7,98.9,1.1,638,7
2019-02-01,"Feb","2019","S08000029","NHS Fife",7121,6556,565,92.1,7.9,6556,565
2019-02-01,"Feb","2019","S08000030","NHS Tayside",8184,7884,300,96.3,3.7,7884,300
2019-02-01,"Feb","2019","S08000031","NHS Greater Glasgow and Clyde",34411,30087,4324,87.4,12.6,30087,4324
2019-02-01,"Feb","2019","S08000032","NHS Lanarkshire",16538,14798,1740,89.5,10.5,14798,1740
2019-03-01,"Mar","2019","S08000015","NHS Ayrshire and Arran",10070,8741,1329,86.8,13.2,8741,1329
2019-03-01,"Mar","2019","S08000016","NHS Borders",2684,2595,89,96.7,3.3,2595,89
2019-03-01,"Mar","2019","S08000017","NHS Dumfries and Galloway",3804,3548,256,93.3,6.7,3548,256
2019-03-01,"Mar","2019","S08000019","NHS Forth Valley",7413,7098,315,95.8,4.2,7098,315
2019-03-01,"Mar","2019","S08000020","NHS Grampian",11871,11248,623,94.8,5.2,11248,623
2019-03-01,"Mar","2019","S08000022","NHS Highland",8753,8436,317,96.4,3.6,8436,317
2019-03-01,"Mar","2019","S08000024","NHS Lothian",24405,21397,3008,87.7,12.3,21397,3008
2019-03-01,"Mar","2019","S08000025","NHS Orkney",552,517,35,93.7,6.3,517,35
2019-03-01,"Mar","2019","S08000026","NHS Shetland",668,648,20,97,3,648,20
2019-03-01,"Mar","2019","S08000028","NHS Western Isles",772,762,10,98.7,1.3,762,10
2019-03-01,"Mar","2019","S08000029","NHS Fife",7931,7498,433,94.5,5.5,7498,433
2019-03-01,"Mar","2019","S08000030","NHS Tayside",9278,8930,348,96.2,3.8,8930,348
2019-03-01,"Mar","2019","S08000031","NHS Greater Glasgow and Clyde",38273,34018,4255,88.9,11.1,34018,4255
2019-03-01,"Mar","2019","S08000032","NHS Lanarkshire",18090,16590,1500,91.7,8.3,16590,1500
2019-04-01,"Apr","2019","S08000015","NHS Ayrshire and Arran",10231,8947,1284,87.4,12.6,8947,1284
2019-04-01,"Apr","2019","S08000016","NHS Borders",2924,2768,156,94.7,5.3,2768,156
2019-04-01,"Apr","2019","S08000017","NHS Dumfries and Galloway",4248,3954,294,93.1,6.9,3954,294
2019-04-01,"Apr","2019","S08000019","NHS Forth Valley",7522,6931,591,92.1,7.9,6931,591
2019-04-01,"Apr","2019","S08000020","NHS Grampian",11729,10991,738,93.7,6.3,10991,738
2019-04-01,"Apr","2019","S08000022","NHS Highland",9435,8966,469,95,5,8966,469
2019-04-01,"Apr","2019","S08000024","NHS Lothian",23831,20863,2968,87.5,12.5,20863,2968
2019-04-01,"Apr","2019","S08000025","NHS Orkney",566,521,45,92,8,521,45
2019-04-01,"Apr","2019","S08000026","NHS Shetland",649,621,28,95.7,4.3,621,28
2019-04-01,"Apr","2019","S08000028","NHS Western Isles",797,790,7,99.1,0.9,790,7
2019-04-01,"Apr","2019","S08000029","NHS Fife",8064,7633,431,94.7,5.3,7633,431
2019-04-01,"Apr","2019","S08000030","NHS Tayside",9258,8907,351,96.2,3.8,8907,351
2019-04-01,"Apr","2019","S08000031","NHS Greater Glasgow and Clyde",37761,32635,5126,86.4,13.6,32635,5126
2019-04-01,"Apr","2019","S08000032","NHS Lanarkshire",18325,16170,2155,88.2,11.8,16170,2155
2019-05-01,"May","2019","S08000015","NHS Ayrshire and Arran",10627,9690,937,91.2,8.8,9690,937
2019-05-01,"May","2019","S08000016","NHS Borders",3000,2862,138,95.4,4.6,2862,138
2019-05-01,"May","2019","S08000017","NHS Dumfries and Galloway",4409,4084,325,92.6,7.4,4084,325
2019-05-01,"May","2019","S08000019","NHS Forth Valley",7805,7018,787,89.9,10.1,7018,787
2019-05-01,"May","2019","S08000020","NHS Grampian",12166,11451,715,94.1,5.9,11451,715
2019-05-01,"May","2019","S08000022","NHS Highland",9894,9478,416,95.8,4.2,9478,416
2019-05-01,"May","2019","S08000024","NHS Lothian",24540,21711,2829,88.5,11.5,21711,2829
2019-05-01,"May","2019","S08000025","NHS Orkney",589,559,30,94.9,5.1,559,30
2019-05-01,"May","2019","S08000026","NHS Shetland",682,664,18,97.4,2.6,664,18
2019-05-01,"May","2019","S08000028","NHS Western Isles",865,849,16,98.2,1.8,849,16
2019-05-01,"May","2019","S08000029","NHS Fife",8462,7995,467,94.5,5.5,7995,467
2019-05-01,"May","2019","S08000030","NHS Tayside",9573,9270,303,96.8,3.2,9270,303
2019-05-01,"May","2019","S08000031","NHS Greater Glasgow and Clyde",39114,34391,4723,87.9,12.1,34391,4723
2019-05-01,"May","2019","S08000032","NHS Lanarkshire",18988,16681,2307,87.9,12.1,16681,2307
2019-06-01,"Jun","2019","S08000015","NHS Ayrshire and Arran",10397,9405,992,90.5,9.5,9405,992
2019-06-01,"Jun","2019","S08000016","NHS Borders",2991,2804,187,93.7,6.3,2804,187
2019-06-01,"Jun","2019","S08000017","NHS Dumfries and Galloway",4204,3837,367,91.3,8.7,3837,367
2019-06-01,"Jun","2019","S08000019","NHS Forth Valley",7721,6754,967,87.5,12.5,6754,967
2019-06-01,"Jun","2019","S08000020","NHS Grampian",12204,11375,829,93.2,6.8,11375,829
2019-06-01,"Jun","2019","S08000022","NHS Highland",9930,9535,395,96,4,9535,395
2019-06-01,"Jun","2019","S08000024","NHS Lothian",24196,21405,2791,88.5,11.5,21405,2791
2019-06-01,"Jun","2019","S08000025","NHS Orkney",594,577,17,97.1,2.9,577,17
2019-06-01,"Jun","2019","S08000026","NHS Shetland",702,693,9,98.7,1.3,693,9
2019-06-01,"Jun","2019","S08000028","NHS Western Isles",852,835,17,98,2,835,17
2019-06-01,"Jun","2019","S08000029","NHS Fife",8003,7594,409,94.9,5.1,7594,409
2019-06-01,"Jun","2019","S08000030","NHS Tayside",9881,9415,466,95.3,4.7,9415,466
2019-06-01,"Jun","2019","S08000031","NHS Greater Glasgow and Clyde",37898,33234,4664,87.7,12.3,33234,4664
2019-06-01,"Jun","2019","S08000032","NHS Lanarkshire",18054,15886,2168,88,12,15886,2168
2019-07-01,"Jul","2019","S08000015","NHS Ayrshire and Arran",10448,9262,1186,88.6,11.4,9262,1186
2019-07-01,"Jul","2019","S08000016","NHS Borders",3104,2850,254,91.8,8.2,2850,254
2019-07-01,"Jul","2019","S08000017","NHS Dumfries and Galloway",4492,4050,442,90.2,9.8,4050,442
2019-07-01,"Jul","2019","S08000019","NHS Forth Valley",7754,7005,749,90.3,9.7,7005,749
2019-07-01,"Jul","2019","S08000020","NHS Grampian",12514,11683,831,93.4,6.6,11683,831
2019-07-01,"Jul","2019","S08000022","NHS Highland",10732,10242,490,95.4,4.6,10242,490
2019-07-01,"Jul","2019","S08000024","NHS Lothian",24134,22222,1912,92.1,7.9,22222,1912
2019-07-01,"Jul","2019","S08000025","NHS Orkney",677,647,30,95.6,4.4,647,30
2019-07-01,"Jul","2019","S08000026","NHS Shetland",702,678,24,96.6,3.4,678,24
2019-07-01,"Jul","2019","S08000028","NHS Western Isles",978,969,9,99.1,0.9,969,9
2019-07-01,"Jul","2019","S08000029","NHS Fife",8438,8027,411,95.1,4.9,8027,411
2019-07-01,"Jul","2019","S08000030","NHS Tayside",10130,9819,311,96.9,3.1,9819,311
2019-07-01,"Jul","2019","S08000031","NHS Greater Glasgow and Clyde",38121,33681,4440,88.4,11.6,33681,4440
2019-07-01,"Jul","2019","S08000032","NHS Lanarkshire",18477,16314,2163,88.3,11.7,16314,2163
2019-08-01,"Aug","2019","S08000015","NHS Ayrshire and Arran",10308,8774,1534,85.1,14.9,8774,1534
2019-08-01,"Aug","2019","S08000016","NHS Borders",3094,2866,228,92.6,7.4,2866,228
2019-08-01,"Aug","2019","S08000017","NHS Dumfries and Galloway",4769,4480,289,93.9,6.1,4480,289
2019-08-01,"Aug","2019","S08000019","NHS Forth Valley",8044,7227,817,89.8,10.2,7227,817
2019-08-01,"Aug","2019","S08000020","NHS Grampian",12180,11427,753,93.8,6.2,11427,753
2019-08-01,"Aug","2019","S08000022","NHS Highland",10575,10133,442,95.8,4.2,10133,442
2019-08-01,"Aug","2019","S08000024","NHS Lothian",25180,22739,2441,90.3,9.7,22739,2441
2019-08-01,"Aug","2019","S08000025","NHS Orkney",651,637,14,97.8,2.2,637,14
2019-08-01,"Aug","2019","S08000026","NHS Shetland",758,724,34,95.5,4.5,724,34
2019-08-01,"Aug","2019","S08000028","NHS Western Isles",887,882,5,99.4,0.6,882,5
2019-08-01,"Aug","2019","S08000029","NHS Fife",8511,7970,541,93.6,6.4,7970,541
2019-08-01,"Aug","2019","S08000030","NHS Tayside",10039,9622,417,95.8,4.2,9622,417
2019-08-01,"Aug","2019","S08000031","NHS Greater Glasgow and Clyde",38725,34796,3929,89.9,10.1,34796,3929
2019-08-01,"Aug","2019","S08000032","NHS Lanarkshire",18793,15865,2928,84.4,15.6,15865,2928
2019-09-01,"Sep","2019","S08000015","NHS Ayrshire and Arran",10220,9323,897,91.2,8.8,9323,897
2019-09-01,"Sep","2019","S08000016","NHS Borders",2882,2666,216,92.5,7.5,2666,216
2019-09-01,"Sep","2019","S08000017","NHS Dumfries and Galloway",4400,4050,350,92,8,4050,350
2019-09-01,"Sep","2019","S08000019","NHS Forth Valley",8048,7035,1013,87.4,12.6,7035,1013
2019-09-01,"Sep","2019","S08000020","NHS Grampian",12411,11494,917,92.6,7.4,11494,917
2019-09-01,"Sep","2019","S08000022","NHS Highland",9820,9345,475,95.2,4.8,9345,475
2019-09-01,"Sep","2019","S08000024","NHS Lothian",25217,22275,2942,88.3,11.7,22275,2942
2019-09-01,"Sep","2019","S08000025","NHS Orkney",614,606,8,98.7,1.3,606,8
2019-09-01,"Sep","2019","S08000026","NHS Shetland",632,603,29,95.4,4.6,603,29
2019-09-01,"Sep","2019","S08000028","NHS Western Isles",841,830,11,98.7,1.3,830,11
2019-09-01,"Sep","2019","S08000029","NHS Fife",8335,7668,667,92,8,7668,667
2019-09-01,"Sep","2019","S08000030","NHS Tayside",9849,9437,412,95.8,4.2,9437,412
2019-09-01,"Sep","2019","S08000031","NHS Greater Glasgow and Clyde",39140,34034,5106,87,13,34034,5106
2019-09-01,"Sep","2019","S08000032","NHS Lanarkshire",18499,15355,3144,83,17,15355,3144
2019-10-01,"Oct","2019","S08000015","NHS Ayrshire and Arran",9853,8419,1434,85.4,14.6,8419,1434
2019-10-01,"Oct","2019","S08000016","NHS Borders",2842,2601,241,91.5,8.5,2601,241
2019-10-01,"Oct","2019","S08000017","NHS Dumfries and Galloway",4336,3952,384,91.1,8.9,3952,384
2019-10-01,"Oct","2019","S08000019","NHS Forth Valley",7740,6841,899,88.4,11.6,6841,899
2019-10-01,"Oct","2019","S08000020","NHS Grampian",11742,10836,906,92.3,7.7,10836,906
2019-10-01,"Oct","2019","S08000022","NHS Highland",8722,8248,474,94.6,5.4,8248,474
2019-10-01,"Oct","2019","S08000024","NHS Lothian",25081,21683,3398,86.5,13.5,21683,3398
2019-10-01,"Oct","2019","S08000025","NHS Orkney",568,553,15,97.4,2.6,553,15
2019-10-01,"Oct","2019","S08000026","NHS Shetland",588,542,46,92.2,7.8,542,46
2019-10-01,"Oct","2019","S08000028","NHS Western Isles",766,760,6,99.2,0.8,760,6
2019-10-01,"Oct","2019","S08000029","NHS Fife",7646,7086,560,92.7,7.3,7086,560
2019-10-01,"Oct","2019","S08000030","NHS Tayside",9068,8754,314,96.5,3.5,8754,314
2019-10-01,"Oct","2019","S08000031","NHS Greater Glasgow and Clyde",38610,32562,6048,84.3,15.7,32562,6048
2019-10-01,"Oct","2019","S08000032","NHS Lanarkshire",18506,15308,3198,82.7,17.3,15308,3198
2019-11-01,"Nov","2019","S08000015","NHS Ayrshire and Arran",9575,7868,1707,82.2,17.8,7868,1707
2019-11-01,"Nov","2019","S08000016","NHS Borders",2790,2389,401,85.6,14.4,2389,401
2019-11-01,"Nov","2019","S08000017","NHS Dumfries and Galloway",3974,3514,460,88.4,11.6,3514,460
2019-11-01,"Nov","2019","S08000019","NHS Forth Valley",7320,6377,943,87.1,12.9,6377,943
2019-11-01,"Nov","2019","S08000020","NHS Grampian",11602,10623,979,91.6,8.4,10623,979
2019-11-01,"Nov","2019","S08000022","NHS Highland",8272,7732,540,93.5,6.5,7732,540
2019-11-01,"Nov","2019","S08000024","NHS Lothian",24515,19954,4561,81.4,18.6,19954,4561
2019-11-01,"Nov","2019","S08000025","NHS Orkney",541,531,10,98.2,1.8,531,10
2019-11-01,"Nov","2019","S08000026","NHS Shetland",589,568,21,96.4,3.6,568,21
2019-11-01,"Nov","2019","S08000028","NHS Western Isles",694,690,4,99.4,0.6,690,4
2019-11-01,"Nov","2019","S08000029","NHS Fife",7681,7121,560,92.7,7.3,7121,560
2019-11-01,"Nov","2019","S08000030","NHS Tayside",8495,8225,270,96.8,3.2,8225,270
2019-11-01,"Nov","2019","S08000031","NHS Greater Glasgow and Clyde",38361,31370,6991,81.8,18.2,31370,6991
2019-11-01,"Nov","2019","S08000032","NHS Lanarkshire",17564,14470,3094,82.4,17.6,14470,3094
2019-12-01,"Dec","2019","S08000015","NHS Ayrshire and Arran",9585,7862,1723,82,18,7862,1723
2019-12-01,"Dec","2019","S08000016","NHS Borders",2866,2440,426,85.1,14.9,2440,426
2019-12-01,"Dec","2019","S08000017","NHS Dumfries and Galloway",4265,3678,587,86.2,13.8,3678,587
2019-12-01,"Dec","2019","S08000019","NHS Forth Valley",7193,6237,956,86.7,13.3,6237,956
2019-12-01,"Dec","2019","S08000020","NHS Grampian",12107,10921,1186,90.2,9.8,10921,1186
2019-12-01,"Dec","2019","S08000022","NHS Highland",8803,8172,631,92.8,7.2,8172,631
2019-12-01,"Dec","2019","S08000024","NHS Lothian",23724,19066,4658,80.4,19.6,19066,4658
2019-12-01,"Dec","2019","S08000025","NHS Orkney",600,585,15,97.5,2.5,585,15
2019-12-01,"Dec","2019","S08000026","NHS Shetland",611,578,33,94.6,5.4,578,33
2019-12-01,"Dec","2019","S08000028","NHS Western Isles",762,734,28,96.3,3.7,734,28
2019-12-01,"Dec","2019","S08000029","NHS Fife",7618,6703,915,88,12,6703,915
2019-12-01,"Dec","2019","S08000030","NHS Tayside",8745,8456,289,96.7,3.3,8456,289
2019-12-01,"Dec","2019","S08000031","NHS Greater Glasgow and Clyde",36914,29501,7413,79.9,20.1,29501,7413
2019-12-01,"Dec","2019","S08000032","NHS Lanarkshire",17625,13614,4011,77.2,22.8,13614,4011
2020-01-01,"Jan","2020","S08000015","NHS Ayrshire and Arran",9111,7134,1977,78.3,21.7,7134,1977
2020-01-01,"Jan","2020","S08000016","NHS Borders",2776,2446,330,88.1,11.9,2446,330
2020-01-01,"Jan","2020","S08000017","NHS Dumfries and Galloway",3854,3367,487,87.4,12.6,3367,487
2020-01-01,"Jan","2020","S08000019","NHS Forth Valley",7223,6360,863,88.1,11.9,6360,863
2020-01-01,"Jan","2020","S08000020","NHS Grampian",11616,10540,1076,90.7,9.3,10540,1076
2020-01-01,"Jan","2020","S08000022","NHS Highland",8161,7695,466,94.3,5.7,7695,466
2020-01-01,"Jan","2020","S08000024","NHS Lothian",23617,19514,4103,82.6,17.4,19514,4103
2020-01-01,"Jan","2020","S08000025","NHS Orkney",585,559,26,95.6,4.4,559,26
2020-01-01,"Jan","2020","S08000026","NHS Shetland",587,556,31,94.7,5.3,556,31
2020-01-01,"Jan","2020","S08000028","NHS Western Isles",748,728,20,97.3,2.7,728,20
2020-01-01,"Jan","2020","S08000029","NHS Fife",7635,6869,766,90,10,6869,766
2020-01-01,"Jan","2020","S08000030","NHS Tayside",8514,8342,172,98,2,8342,172
2020-01-01,"Jan","2020","S08000031","NHS Greater Glasgow and Clyde",36794,30524,6270,83,17,30524,6270
2020-01-01,"Jan","2020","S08000032","NHS Lanarkshire",17504,14807,2697,84.6,15.4,14807,2697
2020-02-01,"Feb","2020","S08000015","NHS Ayrshire and Arran",8285,6438,1847,77.7,22.3,6438,1847
2020-02-01,"Feb","2020","S08000016","NHS Borders",2444,2134,310,87.3,12.7,2134,310
2020-02-01,"Feb","2020","S08000017","NHS Dumfries and Galloway",3699,3281,418,88.7,11.3,3281,418
2020-02-01,"Feb","2020","S08000019","NHS Forth Valley",6775,6392,383,94.3,5.7,6392,383
2020-02-01,"Feb","2020","S08000020","NHS Grampian",10712,9912,800,92.5,7.5,9912,800
2020-02-01,"Feb","2020","S08000022","NHS Highland",7572,7133,439,94.2,5.8,7133,439
2020-02-01,"Feb","2020","S08000024","NHS Lothian",21909,18007,3902,82.2,17.8,18007,3902
2020-02-01,"Feb","2020","S08000025","NHS Orkney",562,529,33,94.1,5.9,529,33
2020-02-01,"Feb","2020","S08000026","NHS Shetland",591,546,45,92.4,7.6,546,45
2020-02-01,"Feb","2020","S08000028","NHS Western Isles",608,599,9,98.5,1.5,599,9
2020-02-01,"Feb","2020","S08000029","NHS Fife",7199,6487,712,90.1,9.9,6487,712
2020-02-01,"Feb","2020","S08000030","NHS Tayside",8071,7883,188,97.7,2.3,7883,188
2020-02-01,"Feb","2020","S08000031","NHS Greater Glasgow and Clyde",33780,28642,5138,84.8,15.2,28642,5138
2020-02-01,"Feb","2020","S08000032","NHS Lanarkshire",16134,13756,2378,85.3,14.7,13756,2378
2020-03-01,"Mar","2020","S08000015","NHS Ayrshire and Arran",7148,6216,932,87,13,6216,932
2020-03-01,"Mar","2020","S08000016","NHS Borders",1960,1691,269,86.3,13.7,1691,269
2020-03-01,"Mar","2020","S08000017","NHS Dumfries and Galloway",3099,2749,350,88.7,11.3,2749,350
2020-03-01,"Mar","2020","S08000019","NHS Forth Valley",5618,5234,384,93.2,6.8,5234,384
2020-03-01,"Mar","2020","S08000020","NHS Grampian",8912,8169,743,91.7,8.3,8169,743
2020-03-01,"Mar","2020","S08000022","NHS Highland",5983,5644,339,94.3,5.7,5644,339
2020-03-01,"Mar","2020","S08000024","NHS Lothian",17764,15374,2390,86.5,13.5,15374,2390
2020-03-01,"Mar","2020","S08000025","NHS Orkney",415,394,21,94.9,5.1,394,21
2020-03-01,"Mar","2020","S08000026","NHS Shetland",451,410,41,90.9,9.1,410,41
2020-03-01,"Mar","2020","S08000028","NHS Western Isles",488,480,8,98.4,1.6,480,8
2020-03-01,"Mar","2020","S08000029","NHS Fife",5720,5251,469,91.8,8.2,5251,469
2020-03-01,"Mar","2020","S08000030","NHS Tayside",6226,6060,166,97.3,2.7,6060,166
2020-03-01,"Mar","2020","S08000031","NHS Greater Glasgow and Clyde",24827,21777,3050,87.7,12.3,21777,3050
2020-03-01,"Mar","2020","S08000032","NHS Lanarkshire",12614,10890,1724,86.3,13.7,10890,1724
2020-04-01,"Apr","2020","S08000015","NHS Ayrshire and Arran",5403,5200,203,96.2,3.8,5200,203
2020-04-01,"Apr","2020","S08000016","NHS Borders",1494,1336,158,89.4,10.6,1336,158
2020-04-01,"Apr","2020","S08000017","NHS Dumfries and Galloway",2105,1980,125,94.1,5.9,1980,125
2020-04-01,"Apr","2020","S08000019","NHS Forth Valley",3718,3614,104,97.2,2.8,3614,104
2020-04-01,"Apr","2020","S08000020","NHS Grampian",5405,5007,398,92.6,7.4,5007,398
2020-04-01,"Apr","2020","S08000022","NHS Highland",3480,3378,102,97.1,2.9,3378,102
2020-04-01,"Apr","2020","S08000024","NHS Lothian",12030,11481,549,95.4,4.6,11481,549
2020-04-01,"Apr","2020","S08000025","NHS Orkney",236,233,3,98.7,1.3,233,3
2020-04-01,"Apr","2020","S08000026","NHS Shetland",352,327,25,92.9,7.1,327,25
2020-04-01,"Apr","2020","S08000028","NHS Western Isles",291,285,6,97.9,2.1,285,6
2020-04-01,"Apr","2020","S08000029","NHS Fife",3387,3279,108,96.8,3.2,3279,108
2020-04-01,"Apr","2020","S08000030","NHS Tayside",3613,3543,70,98.1,1.9,3543,70
2020-04-01,"Apr","2020","S08000031","NHS Greater Glasgow and Clyde",14322,13380,942,93.4,6.6,13380,942
2020-04-01,"Apr","2020","S08000032","NHS Lanarkshire",9281,8733,548,94.1,5.9,8733,548
2020-05-01,"May","2020","S08000015","NHS Ayrshire and Arran",7421,7131,290,96.1,3.9,7131,290
2020-05-01,"May","2020","S08000016","NHS Borders",1913,1765,148,92.3,7.7,1765,148
2020-05-01,"May","2020","S08000017","NHS Dumfries and Galloway",2828,2675,153,94.6,5.4,2675,153
2020-05-01,"May","2020","S08000019","NHS Forth Valley",4945,4847,98,98,2,4847,98
2020-05-01,"May","2020","S08000020","NHS Grampian",6256,5996,260,95.8,4.2,5996,260
2020-05-01,"May","2020","S08000022","NHS Highland",4762,4567,195,95.9,4.1,4567,195
2020-05-01,"May","2020","S08000024","NHS Lothian",16150,15427,723,95.5,4.5,15427,723
2020-05-01,"May","2020","S08000025","NHS Orkney",357,348,9,97.5,2.5,348,9
2020-05-01,"May","2020","S08000026","NHS Shetland",371,367,4,98.9,1.1,367,4
2020-05-01,"May","2020","S08000028","NHS Western Isles",378,370,8,97.9,2.1,370,8
2020-05-01,"May","2020","S08000029","NHS Fife",4989,4815,174,96.5,3.5,4815,174
2020-05-01,"May","2020","S08000030","NHS Tayside",5114,4988,126,97.5,2.5,4988,126
2020-05-01,"May","2020","S08000031","NHS Greater Glasgow and Clyde",20036,19191,845,95.8,4.2,19191,845
2020-05-01,"May","2020","S08000032","NHS Lanarkshire",13094,12333,761,94.2,5.8,12333,761
2020-06-01,"Jun","2020","S08000015","NHS Ayrshire and Arran",7904,7615,289,96.3,3.7,7615,289
2020-06-01,"Jun","2020","S08000016","NHS Borders",2150,1898,252,88.3,11.7,1898,252
2020-06-01,"Jun","2020","S08000017","NHS Dumfries and Galloway",3066,2898,168,94.5,5.5,2898,168
2020-06-01,"Jun","2020","S08000019","NHS Forth Valley",5859,5696,163,97.2,2.8,5696,163
2020-06-01,"Jun","2020","S08000020","NHS Grampian",7478,7181,297,96,4,7181,297
2020-06-01,"Jun","2020","S08000022","NHS Highland",5615,5427,188,96.7,3.3,5427,188
2020-06-01,"Jun","2020","S08000024","NHS Lothian",17737,16822,915,94.8,5.2,16822,915
2020-06-01,"Jun","2020","S08000025","NHS Orkney",399,394,5,98.7,1.3,394,5
2020-06-01,"Jun","2020","S08000026","NHS Shetland",470,461,9,98.1,1.9,461,9
2020-06-01,"Jun","2020","S08000028","NHS Western Isles",496,490,6,98.8,1.2,490,6
2020-06-01,"Jun","2020","S08000029","NHS Fife",5813,5629,184,96.8,3.2,5629,184
2020-06-01,"Jun","2020","S08000030","NHS Tayside",5824,5714,110,98.1,1.9,5714,110
2020-06-01,"Jun","2020","S08000031","NHS Greater Glasgow and Clyde",23318,22460,858,96.3,3.7,22460,858
2020-06-01,"Jun","2020","S08000032","NHS Lanarkshire",15102,14091,1011,93.3,6.7,14091,1011
2020-07-01,"Jul","2020","S08000015","NHS Ayrshire and Arran",8629,8243,386,95.5,4.5,8243,386
2020-07-01,"Jul","2020","S08000016","NHS Borders",2431,2219,212,91.3,8.7,2219,212
2020-07-01,"Jul","2020","S08000017","NHS Dumfries and Galloway",3373,3207,166,95.1,4.9,3207,166
2020-07-01,"Jul","2020","S08000019","NHS Forth Valley",6304,6034,270,95.7,4.3,6034,270
2020-07-01,"Jul","2020","S08000020","NHS Grampian",9064,8463,601,93.4,6.6,8463,601
2020-07-01,"Jul","2020","S08000022","NHS Highland",7003,6787,216,96.9,3.1,6787,216
2020-07-01,"Jul","2020","S08000024","NHS Lothian",18984,17994,990,94.8,5.2,17994,990
2020-07-01,"Jul","2020","S08000025","NHS Orkney",467,463,4,99.1,0.9,463,4
2020-07-01,"Jul","2020","S08000026","NHS Shetland",521,519,2,99.6,0.4,519,2
2020-07-01,"Jul","2020","S08000028","NHS Western Isles",490,485,5,99,1,485,5
2020-07-01,"Jul","2020","S08000029","NHS Fife",6446,6197,249,96.1,3.9,6197,249
2020-07-01,"Jul","2020","S08000030","NHS Tayside",6890,6661,229,96.7,3.3,6661,229
2020-07-01,"Jul","2020","S08000031","NHS Greater Glasgow and Clyde",26056,25043,1013,96.1,3.9,25043,1013
2020-07-01,"Jul","2020","S08000032","NHS Lanarkshire",15527,14375,1152,92.6,7.4,14375,1152
2020-08-01,"Aug","2020","S08000015","NHS Ayrshire and Arran",9203,8614,589,93.6,6.4,8614,589
2020-08-01,"Aug","2020","S08000016","NHS Borders",2520,2184,336,86.7,13.3,2184,336
2020-08-01,"Aug","2020","S08000017","NHS Dumfries and Galloway",4019,3759,260,93.5,6.5,3759,260
2020-08-01,"Aug","2020","S08000019","NHS Forth Valley",6752,6290,462,93.2,6.8,6290,462
2020-08-01,"Aug","2020","S08000020","NHS Grampian",9129,8518,611,93.3,6.7,8518,611
2020-08-01,"Aug","2020","S08000022","NHS Highland",8076,7658,418,94.8,5.2,7658,418
2020-08-01,"Aug","2020","S08000024","NHS Lothian",21136,19451,1685,92,8,19451,1685
2020-08-01,"Aug","2020","S08000025","NHS Orkney",520,513,7,98.7,1.3,513,7
2020-08-01,"Aug","2020","S08000026","NHS Shetland",522,514,8,98.5,1.5,514,8
2020-08-01,"Aug","2020","S08000028","NHS Western Isles",664,655,9,98.6,1.4,655,9
2020-08-01,"Aug","2020","S08000029","NHS Fife",7068,6745,323,95.4,4.6,6745,323
2020-08-01,"Aug","2020","S08000030","NHS Tayside",7424,7077,347,95.3,4.7,7077,347
2020-08-01,"Aug","2020","S08000031","NHS Greater Glasgow and Clyde",28870,27195,1675,94.2,5.8,27195,1675
2020-08-01,"Aug","2020","S08000032","NHS Lanarkshire",16838,14911,1927,88.6,11.4,14911,1927
2020-09-01,"Sep","2020","S08000015","NHS Ayrshire and Arran",8176,7413,763,90.7,9.3,7413,763
2020-09-01,"Sep","2020","S08000016","NHS Borders",2493,2133,360,85.6,14.4,2133,360
2020-09-01,"Sep","2020","S08000017","NHS Dumfries and Galloway",3385,3182,203,94,6,3182,203
2020-09-01,"Sep","2020","S08000019","NHS Forth Valley",6060,5515,545,91,9,5515,545
2020-09-01,"Sep","2020","S08000020","NHS Grampian",8900,8318,582,93.5,6.5,8318,582
2020-09-01,"Sep","2020","S08000022","NHS Highland",7025,6660,365,94.8,5.2,6660,365
2020-09-01,"Sep","2020","S08000024","NHS Lothian",20470,18382,2088,89.8,10.2,18382,2088
2020-09-01,"Sep","2020","S08000025","NHS Orkney",506,499,7,98.6,1.4,499,7
2020-09-01,"Sep","2020","S08000026","NHS Shetland",467,460,7,98.5,1.5,460,7
2020-09-01,"Sep","2020","S08000028","NHS Western Isles",509,498,11,97.8,2.2,498,11
2020-09-01,"Sep","2020","S08000029","NHS Fife",6789,6546,243,96.4,3.6,6546,243
2020-09-01,"Sep","2020","S08000030","NHS Tayside",7069,6758,311,95.6,4.4,6758,311
2020-09-01,"Sep","2020","S08000031","NHS Greater Glasgow and Clyde",28483,26755,1728,93.9,6.1,26755,1728
2020-09-01,"Sep","2020","S08000032","NHS Lanarkshire",15898,13953,1945,87.8,12.2,13953,1945
2020-10-01,"Oct","2020","S08000015","NHS Ayrshire and Arran",7376,6348,1028,86.1,13.9,6348,1028
2020-10-01,"Oct","2020","S08000016","NHS Borders",2167,1924,243,88.8,11.2,1924,243
2020-10-01,"Oct","2020","S08000017","NHS Dumfries and Galloway",3140,2928,212,93.2,6.8,2928,212
2020-10-01,"Oct","2020","S08000019","NHS Forth Valley",5603,5266,337,94,6,5266,337
2020-10-01,"Oct","2020","S08000020","NHS Grampian",8137,7316,821,89.9,10.1,7316,821
2020-10-01,"Oct","2020","S08000022","NHS Highland",6700,6321,379,94.3,5.7,6321,379
2020-10-01,"Oct","2020","S08000024","NHS Lothian",19328,17289,2039,89.5,10.5,17289,2039
2020-10-01,"Oct","2020","S08000025","NHS Orkney",454,425,29,93.6,6.4,425,29
2020-10-01,"Oct","2020","S08000026","NHS Shetland",443,439,4,99.1,0.9,439,4
2020-10-01,"Oct","2020","S08000028","NHS Western Isles",499,486,13,97.4,2.6,486,13
2020-10-01,"Oct","2020","S08000029","NHS Fife",6131,5769,362,94.1,5.9,5769,362
2020-10-01,"Oct","2020","S08000030","NHS Tayside",6175,6020,155,97.5,2.5,6020,155
2020-10-01,"Oct","2020","S08000031","NHS Greater Glasgow and Clyde",26256,23277,2979,88.7,11.3,23277,2979
2020-10-01,"Oct","2020","S08000032","NHS Lanarkshire",14997,12412,2585,82.8,17.2,12412,2585
2020-11-01,"Nov","2020","S08000015","NHS Ayrshire and Arran",5908,4797,1111,81.2,18.8,4797,1111
2020-11-01,"Nov","2020","S08000016","NHS Borders",2159,1895,264,87.8,12.2,1895,264
2020-11-01,"Nov","2020","S08000017","NHS Dumfries and Galloway",3083,2870,213,93.1,6.9,2870,213
2020-11-01,"Nov","2020","S08000019","NHS Forth Valley",5204,4910,294,94.4,5.6,4910,294
2020-11-01,"Nov","2020","S08000020","NHS Grampian",8129,7464,665,91.8,8.2,7464,665
2020-11-01,"Nov","2020","S08000022","NHS Highland",6093,5722,371,93.9,6.1,5722,371
2020-11-01,"Nov","2020","S08000024","NHS Lothian",17776,15621,2155,87.9,12.1,15621,2155
2020-11-01,"Nov","2020","S08000025","NHS Orkney",437,424,13,97,3,424,13
2020-11-01,"Nov","2020","S08000026","NHS Shetland",443,433,10,97.7,2.3,433,10
2020-11-01,"Nov","2020","S08000028","NHS Western Isles",479,468,11,97.7,2.3,468,11
2020-11-01,"Nov","2020","S08000029","NHS Fife",5628,5202,426,92.4,7.6,5202,426
2020-11-01,"Nov","2020","S08000030","NHS Tayside",5899,5757,142,97.6,2.4,5757,142
2020-11-01,"Nov","2020","S08000031","NHS Greater Glasgow and Clyde",24939,22519,2420,90.3,9.7,22519,2420
2020-11-01,"Nov","2020","S08000032","NHS Lanarkshire",13621,11511,2110,84.5,15.5,11511,2110
2020-12-01,"Dec","2020","S08000015","NHS Ayrshire and Arran",5856,4598,1258,78.5,21.5,4598,1258
2020-12-01,"Dec","2020","S08000016","NHS Borders",2074,1642,432,79.2,20.8,1642,432
2020-12-01,"Dec","2020","S08000017","NHS Dumfries and Galloway",2608,2305,303,88.4,11.6,2305,303
2020-12-01,"Dec","2020","S08000019","NHS Forth Valley",4479,4098,381,91.5,8.5,4098,381
2020-12-01,"Dec","2020","S08000020","NHS Grampian",6786,5844,942,86.1,13.9,5844,942
2020-12-01,"Dec","2020","S08000022","NHS Highland",6139,5723,416,93.2,6.8,5723,416
2020-12-01,"Dec","2020","S08000024","NHS Lothian",16916,14106,2810,83.4,16.6,14106,2810
2020-12-01,"Dec","2020","S08000025","NHS Orkney",384,368,16,95.8,4.2,368,16
2020-12-01,"Dec","2020","S08000026","NHS Shetland",415,408,7,98.3,1.7,408,7
2020-12-01,"Dec","2020","S08000028","NHS Western Isles",379,373,6,98.4,1.6,373,6
2020-12-01,"Dec","2020","S08000029","NHS Fife",4935,4414,521,89.4,10.6,4414,521
2020-12-01,"Dec","2020","S08000030","NHS Tayside",5402,5153,249,95.4,4.6,5153,249
2020-12-01,"Dec","2020","S08000031","NHS Greater Glasgow and Clyde",23940,21235,2705,88.7,11.3,21235,2705
2020-12-01,"Dec","2020","S08000032","NHS Lanarkshire",13131,10386,2745,79.1,20.9,10386,2745
2021-01-01,"Jan","2021","S08000015","NHS Ayrshire and Arran",5308,4162,1146,78.4,21.6,4162,1146
2021-01-01,"Jan","2021","S08000016","NHS Borders",1918,1511,407,78.8,21.2,1511,407
2021-01-01,"Jan","2021","S08000017","NHS Dumfries and Galloway",2129,1881,248,88.4,11.6,1881,248
2021-01-01,"Jan","2021","S08000019","NHS Forth Valley",4261,3797,464,89.1,10.9,3797,464
2021-01-01,"Jan","2021","S08000020","NHS Grampian",5498,4573,925,83.2,16.8,4573,925
2021-01-01,"Jan","2021","S08000022","NHS Highland",5165,4827,338,93.5,6.5,4827,338
2021-01-01,"Jan","2021","S08000024","NHS Lothian",15874,13415,2459,84.5,15.5,13415,2459
2021-01-01,"Jan","2021","S08000025","NHS Orkney",323,310,13,96,4,310,13
2021-01-01,"Jan","2021","S08000026","NHS Shetland",361,357,4,98.9,1.1,357,4
2021-01-01,"Jan","2021","S08000028","NHS Western Isles",337,330,7,97.9,2.1,330,7
2021-01-01,"Jan","2021","S08000029","NHS Fife",4403,3966,437,90.1,9.9,3966,437
2021-01-01,"Jan","2021","S08000030","NHS Tayside",4731,4540,191,96,4,4540,191
2021-01-01,"Jan","2021","S08000031","NHS Greater Glasgow and Clyde",22319,19550,2769,87.6,12.4,19550,2769
2021-01-01,"Jan","2021","S08000032","NHS Lanarkshire",12853,10270,2583,79.9,20.1,10270,2583
2021-02-01,"Feb","2021","S08000015","NHS Ayrshire and Arran",5039,4088,951,81.1,18.9,4088,951
2021-02-01,"Feb","2021","S08000016","NHS Borders",1813,1355,458,74.7,25.3,1355,458
2021-02-01,"Feb","2021","S08000017","NHS Dumfries and Galloway",1847,1703,144,92.2,7.8,1703,144
2021-02-01,"Feb","2021","S08000019","NHS Forth Valley",3996,3370,626,84.3,15.7,3370,626
2021-02-01,"Feb","2021","S08000020","NHS Grampian",5470,4788,682,87.5,12.5,4788,682
2021-02-01,"Feb","2021","S08000022","NHS Highland",4996,4646,350,93,7,4646,350
2021-02-01,"Feb","2021","S08000024","NHS Lothian",14803,12088,2715,81.7,18.3,12088,2715
2021-02-01,"Feb","2021","S08000025","NHS Orkney",315,293,22,93,7,293,22
2021-02-01,"Feb","2021","S08000026","NHS Shetland",394,387,7,98.2,1.8,387,7
2021-02-01,"Feb","2021","S08000028","NHS Western Isles",269,260,9,96.7,3.3,260,9
2021-02-01,"Feb","2021","S08000029","NHS Fife",4145,3776,369,91.1,8.9,3776,369
2021-02-01,"Feb","2021","S08000030","NHS Tayside",4455,4308,147,96.7,3.3,4308,147
2021-02-01,"Feb","2021","S08000031","NHS Greater Glasgow and Clyde",21018,18305,2713,87.1,12.9,18305,2713
2021-02-01,"Feb","2021","S08000032","NHS Lanarkshire",11863,9907,1956,83.5,16.5,9907,1956
2021-03-01,"Mar","2021","S08000015","NHS Ayrshire and Arran",6332,5298,1034,83.7,16.3,5298,1034
2021-03-01,"Mar","2021","S08000016","NHS Borders",2139,1855,284,86.7,13.3,1855,284
2021-03-01,"Mar","2021","S08000017","NHS Dumfries and Galloway",2615,2340,275,89.5,10.5,2340,275
2021-03-01,"Mar","2021","S08000019","NHS Forth Valley",5332,4665,667,87.5,12.5,4665,667
2021-03-01,"Mar","2021","S08000020","NHS Grampian",7005,6197,808,88.5,11.5,6197,808
2021-03-01,"Mar","2021","S08000022","NHS Highland",5977,5551,426,92.9,7.1,5551,426
2021-03-01,"Mar","2021","S08000024","NHS Lothian",18927,16080,2847,85,15,16080,2847
2021-03-01,"Mar","2021","S08000025","NHS Orkney",411,394,17,95.9,4.1,394,17
2021-03-01,"Mar","2021","S08000026","NHS Shetland",428,421,7,98.4,1.6,421,7
2021-03-01,"Mar","2021","S08000028","NHS Western Isles",343,331,12,96.5,3.5,331,12
2021-03-01,"Mar","2021","S08000029","NHS Fife",5558,5048,510,90.8,9.2,5048,510
2021-03-01,"Mar","2021","S08000030","NHS Tayside",5735,5568,167,97.1,2.9,5568,167
2021-03-01,"Mar","2021","S08000031","NHS Greater Glasgow and Clyde",27630,25395,2235,91.9,8.1,25395,2235
2021-03-01,"Mar","2021","S08000032","NHS Lanarkshire",15504,12844,2660,82.8,17.2,12844,2660
2021-04-01,"Apr","2021","S08000015","NHS Ayrshire and Arran",7515,6550,965,87.2,12.8,6550,965
2021-04-01,"Apr","2021","S08000016","NHS Borders",2388,2069,319,86.6,13.4,2069,319
2021-04-01,"Apr","2021","S08000017","NHS Dumfries and Galloway",3017,2651,366,87.9,12.1,2651,366
2021-04-01,"Apr","2021","S08000019","NHS Forth Valley",6054,5150,904,85.1,14.9,5150,904
2021-04-01,"Apr","2021","S08000020","NHS Grampian",7610,6725,885,88.4,11.6,6725,885
2021-04-01,"Apr","2021","S08000022","NHS Highland",6458,6135,323,95,5,6135,323
2021-04-01,"Apr","2021","S08000024","NHS Lothian",20785,17754,3031,85.4,14.6,17754,3031
2021-04-01,"Apr","2021","S08000025","NHS Orkney",417,403,14,96.6,3.4,403,14
2021-04-01,"Apr","2021","S08000026","NHS Shetland",489,485,4,99.2,0.8,485,4
2021-04-01,"Apr","2021","S08000028","NHS Western Isles",475,467,8,98.3,1.7,467,8
2021-04-01,"Apr","2021","S08000029","NHS Fife",6209,5703,506,91.9,8.1,5703,506
2021-04-01,"Apr","2021","S08000030","NHS Tayside",6546,6255,291,95.6,4.4,6255,291
2021-04-01,"Apr","2021","S08000031","NHS Greater Glasgow and Clyde",30848,28443,2405,92.2,7.8,28443,2405
2021-04-01,"Apr","2021","S08000032","NHS Lanarkshire",16778,13749,3029,81.9,18.1,13749,3029
2021-05-01,"May","2021","S08000015","NHS Ayrshire and Arran",8783,7618,1165,86.7,13.3,7618,1165
2021-05-01,"May","2021","S08000016","NHS Borders",2682,2263,419,84.4,15.6,2263,419
2021-05-01,"May","2021","S08000017","NHS Dumfries and Galloway",3424,2981,443,87.1,12.9,2981,443
2021-05-01,"May","2021","S08000019","NHS Forth Valley",6424,5383,1041,83.8,16.2,5383,1041
2021-05-01,"May","2021","S08000020","NHS Grampian",8881,7785,1096,87.7,12.3,7785,1096
2021-05-01,"May","2021","S08000022","NHS Highland",7829,7342,487,93.8,6.2,7342,487
2021-05-01,"May","2021","S08000024","NHS Lothian",23082,19031,4051,82.4,17.6,19031,4051
2021-05-01,"May","2021","S08000025","NHS Orkney",498,486,12,97.6,2.4,486,12
2021-05-01,"May","2021","S08000026","NHS Shetland",523,517,6,98.9,1.1,517,6
2021-05-01,"May","2021","S08000028","NHS Western Isles",564,536,28,95,5,536,28
2021-05-01,"May","2021","S08000029","NHS Fife",7039,6139,900,87.2,12.8,6139,900
2021-05-01,"May","2021","S08000030","NHS Tayside",7453,7031,422,94.3,5.7,7031,422
2021-05-01,"May","2021","S08000031","NHS Greater Glasgow and Clyde",33638,30878,2760,91.8,8.2,30878,2760
2021-05-01,"May","2021","S08000032","NHS Lanarkshire",18645,14841,3804,79.6,20.4,14841,3804
2021-06-01,"Jun","2021","S08000015","NHS Ayrshire and Arran",9020,7395,1625,82,18,7395,1625
2021-06-01,"Jun","2021","S08000016","NHS Borders",2693,2204,489,81.8,18.2,2204,489
2021-06-01,"Jun","2021","S08000017","NHS Dumfries and Galloway",3795,3256,539,85.8,14.2,3256,539
2021-06-01,"Jun","2021","S08000019","NHS Forth Valley",7101,5804,1297,81.7,18.3,5804,1297
2021-06-01,"Jun","2021","S08000020","NHS Grampian",9432,8424,1008,89.3,10.7,8424,1008
2021-06-01,"Jun","2021","S08000022","NHS Highland",8530,7845,685,92,8,7845,685
2021-06-01,"Jun","2021","S08000024","NHS Lothian",23955,19505,4450,81.4,18.6,19505,4450
2021-06-01,"Jun","2021","S08000025","NHS Orkney",520,510,10,98.1,1.9,510,10
2021-06-01,"Jun","2021","S08000026","NHS Shetland",551,547,4,99.3,0.7,547,4
2021-06-01,"Jun","2021","S08000028","NHS Western Isles",561,544,17,97,3,544,17
2021-06-01,"Jun","2021","S08000029","NHS Fife",7481,6596,885,88.2,11.8,6596,885
2021-06-01,"Jun","2021","S08000030","NHS Tayside",7896,7413,483,93.9,6.1,7413,483
2021-06-01,"Jun","2021","S08000031","NHS Greater Glasgow and Clyde",36119,32239,3880,89.3,10.7,32239,3880
2021-06-01,"Jun","2021","S08000032","NHS Lanarkshire",19234,14156,5078,73.6,26.4,14156,5078
2021-07-01,"Jul","2021","S08000015","NHS Ayrshire and Arran",8935,7371,1564,82.5,17.5,7371,1564
2021-07-01,"Jul","2021","S08000016","NHS Borders",2708,2207,501,81.5,18.5,2207,501
2021-07-01,"Jul","2021","S08000017","NHS Dumfries and Galloway",3997,3389,608,84.8,15.2,3389,608
2021-07-01,"Jul","2021","S08000019","NHS Forth Valley",7066,5424,1642,76.8,23.2,5424,1642
2021-07-01,"Jul","2021","S08000020","NHS Grampian",8740,7208,1532,82.5,17.5,7208,1532
2021-07-01,"Jul","2021","S08000022","NHS Highland",8989,8230,759,91.6,8.4,8230,759
2021-07-01,"Jul","2021","S08000024","NHS Lothian",22542,17736,4806,78.7,21.3,17736,4806
2021-07-01,"Jul","2021","S08000025","NHS Orkney",555,541,14,97.5,2.5,541,14
2021-07-01,"Jul","2021","S08000026","NHS Shetland",626,608,18,97.1,2.9,608,18
2021-07-01,"Jul","2021","S08000028","NHS Western Isles",640,612,28,95.6,4.4,612,28
2021-07-01,"Jul","2021","S08000029","NHS Fife",7004,5934,1070,84.7,15.3,5934,1070
2021-07-01,"Jul","2021","S08000030","NHS Tayside",7558,7000,558,92.6,7.4,7000,558
2021-07-01,"Jul","2021","S08000031","NHS Greater Glasgow and Clyde",35042,29462,5580,84.1,15.9,29462,5580
2021-07-01,"Jul","2021","S08000032","NHS Lanarkshire",18216,12394,5822,68,32,12394,5822
2021-08-01,"Aug","2021","S08000015","NHS Ayrshire and Arran",9242,7342,1900,79.4,20.6,7342,1900
2021-08-01,"Aug","2021","S08000016","NHS Borders",2711,1931,780,71.2,28.8,1931,780
2021-08-01,"Aug","2021","S08000017","NHS Dumfries and Galloway",4003,3300,703,82.4,17.6,3300,703
2021-08-01,"Aug","2021","S08000019","NHS Forth Valley",7522,5608,1914,74.6,25.4,5608,1914
2021-08-01,"Aug","2021","S08000020","NHS Grampian",9253,7588,1665,82,18,7588,1665
2021-08-01,"Aug","2021","S08000022","NHS Highland",8768,7786,982,88.8,11.2,7786,982
2021-08-01,"Aug","2021","S08000024","NHS Lothian",24246,17619,6627,72.7,27.3,17619,6627
2021-08-01,"Aug","2021","S08000025","NHS Orkney",562,544,18,96.8,3.2,544,18
2021-08-01,"Aug","2021","S08000026","NHS Shetland",602,587,15,97.5,2.5,587,15
2021-08-01,"Aug","2021","S08000028","NHS Western Isles",645,629,16,97.5,2.5,629,16
2021-08-01,"Aug","2021","S08000029","NHS Fife",7042,5886,1156,83.6,16.4,5886,1156
2021-08-01,"Aug","2021","S08000030","NHS Tayside",7883,7258,625,92.1,7.9,7258,625
2021-08-01,"Aug","2021","S08000031","NHS Greater Glasgow and Clyde",35309,27500,7809,77.9,22.1,27500,7809
2021-08-01,"Aug","2021","S08000032","NHS Lanarkshire",18465,12473,5992,67.5,32.5,12473,5992
2021-09-01,"Sep","2021","S08000015","NHS Ayrshire and Arran",8133,6227,1906,76.6,23.4,6227,1906
2021-09-01,"Sep","2021","S08000016","NHS Borders",2413,1831,582,75.9,24.1,1831,582
2021-09-01,"Sep","2021","S08000017","NHS Dumfries and Galloway",3791,3151,640,83.1,16.9,3151,640
2021-09-01,"Sep","2021","S08000019","NHS Forth Valley",7600,5269,2331,69.3,30.7,5269,2331
2021-09-01,"Sep","2021","S08000020","NHS Grampian",9136,7352,1784,80.5,19.5,7352,1784
2021-09-01,"Sep","2021","S08000022","NHS Highland",7717,6674,1043,86.5,13.5,6674,1043
2021-09-01,"Sep","2021","S08000024","NHS Lothian",24971,17416,7555,69.7,30.3,17416,7555
2021-09-01,"Sep","2021","S08000025","NHS Orkney",532,510,22,95.9,4.1,510,22
2021-09-01,"Sep","2021","S08000026","NHS Shetland",531,519,12,97.7,2.3,519,12
2021-09-01,"Sep","2021","S08000028","NHS Western Isles",442,434,8,98.2,1.8,434,8
2021-09-01,"Sep","2021","S08000029","NHS Fife",6768,5419,1349,80.1,19.9,5419,1349
2021-09-01,"Sep","2021","S08000030","NHS Tayside",7779,7252,527,93.2,6.8,7252,527
2021-09-01,"Sep","2021","S08000031","NHS Greater Glasgow and Clyde",34306,26023,8283,75.9,24.1,26023,8283
2021-09-01,"Sep","2021","S08000032","NHS Lanarkshire",17449,12073,5376,69.2,30.8,12073,5376
2021-10-01,"Oct","2021","S08000015","NHS Ayrshire and Arran",8047,6031,2016,74.9,25.1,6031,2016
2021-10-01,"Oct","2021","S08000016","NHS Borders",2376,1809,567,76.1,23.9,1809,567
2021-10-01,"Oct","2021","S08000017","NHS Dumfries and Galloway",3510,2798,712,79.7,20.3,2798,712
2021-10-01,"Oct","2021","S08000019","NHS Forth Valley",6911,4254,2657,61.6,38.4,4254,2657
2021-10-01,"Oct","2021","S08000020","NHS Grampian",8520,6627,1893,77.8,22.2,6627,1893
2021-10-01,"Oct","2021","S08000022","NHS Highland",7208,6313,895,87.6,12.4,6313,895
2021-10-01,"Oct","2021","S08000024","NHS Lothian",23317,15812,7505,67.8,32.2,15812,7505
2021-10-01,"Oct","2021","S08000025","NHS Orkney",457,436,21,95.4,4.6,436,21
2021-10-01,"Oct","2021","S08000026","NHS Shetland",544,521,23,95.8,4.2,521,23
2021-10-01,"Oct","2021","S08000028","NHS Western Isles",438,429,9,97.9,2.1,429,9
2021-10-01,"Oct","2021","S08000029","NHS Fife",6365,4855,1510,76.3,23.7,4855,1510
2021-10-01,"Oct","2021","S08000030","NHS Tayside",7427,6877,550,92.6,7.4,6877,550
2021-10-01,"Oct","2021","S08000031","NHS Greater Glasgow and Clyde",32659,23833,8826,73,27,23833,8826
2021-10-01,"Oct","2021","S08000032","NHS Lanarkshire",16556,10760,5796,65,35,10760,5796
2021-11-01,"Nov","2021","S08000015","NHS Ayrshire and Arran",7297,5424,1873,74.3,25.7,5424,1873
2021-11-01,"Nov","2021","S08000016","NHS Borders",2217,1543,674,69.6,30.4,1543,674
2021-11-01,"Nov","2021","S08000017","NHS Dumfries and Galloway",3259,2641,618,81,19,2641,618
2021-11-01,"Nov","2021","S08000019","NHS Forth Valley",6440,4271,2169,66.3,33.7,4271,2169
2021-11-01,"Nov","2021","S08000020","NHS Grampian",8286,6177,2109,74.5,25.5,6177,2109
2021-11-01,"Nov","2021","S08000022","NHS Highland",6588,5818,770,88.3,11.7,5818,770
2021-11-01,"Nov","2021","S08000024","NHS Lothian",22453,15510,6943,69.1,30.9,15510,6943
2021-11-01,"Nov","2021","S08000025","NHS Orkney",456,441,15,96.7,3.3,441,15
2021-11-01,"Nov","2021","S08000026","NHS Shetland",566,547,19,96.6,3.4,547,19
2021-11-01,"Nov","2021","S08000028","NHS Western Isles",459,449,10,97.8,2.2,449,10
2021-11-01,"Nov","2021","S08000029","NHS Fife",6345,5055,1290,79.7,20.3,5055,1290
2021-11-01,"Nov","2021","S08000030","NHS Tayside",6937,6551,386,94.4,5.6,6551,386
2021-11-01,"Nov","2021","S08000031","NHS Greater Glasgow and Clyde",31629,24255,7374,76.7,23.3,24255,7374
2021-11-01,"Nov","2021","S08000032","NHS Lanarkshire",15886,11516,4370,72.5,27.5,11516,4370
2021-12-01,"Dec","2021","S08000015","NHS Ayrshire and Arran",6843,5140,1703,75.1,24.9,5140,1703
2021-12-01,"Dec","2021","S08000016","NHS Borders",2264,1509,755,66.7,33.3,1509,755
2021-12-01,"Dec","2021","S08000017","NHS Dumfries and Galloway",3110,2566,544,82.5,17.5,2566,544
2021-12-01,"Dec","2021","S08000019","NHS Forth Valley",6006,4106,1900,68.4,31.6,4106,1900
2021-12-01,"Dec","2021","S08000020","NHS Grampian",8359,6241,2118,74.7,25.3,6241,2118
2021-12-01,"Dec","2021","S08000022","NHS Highland",6490,5632,858,86.8,13.2,5632,858
2021-12-01,"Dec","2021","S08000024","NHS Lothian",20457,14161,6296,69.2,30.8,14161,6296
2021-12-01,"Dec","2021","S08000025","NHS Orkney",458,436,22,95.2,4.8,436,22
2021-12-01,"Dec","2021","S08000026","NHS Shetland",603,585,18,97,3,585,18
2021-12-01,"Dec","2021","S08000028","NHS Western Isles",435,423,12,97.2,2.8,423,12
2021-12-01,"Dec","2021","S08000029","NHS Fife",5844,4448,1396,76.1,23.9,4448,1396
2021-12-01,"Dec","2021","S08000030","NHS Tayside",6364,5993,371,94.2,5.8,5993,371
2021-12-01,"Dec","2021","S08000031","NHS Greater Glasgow and Clyde",28777,22364,6413,77.7,22.3,22364,6413
2021-12-01,"Dec","2021","S08000032","NHS Lanarkshire",15009,10398,4611,69.3,30.7,10398,4611
2022-01-01,"Jan","2022","S08000015","NHS Ayrshire and Arran",6820,5077,1743,74.4,25.6,5077,1743
2022-01-01,"Jan","2022","S08000016","NHS Borders",2142,1487,655,69.4,30.6,1487,655
2022-01-01,"Jan","2022","S08000017","NHS Dumfries and Galloway",2964,2442,522,82.4,17.6,2442,522
2022-01-01,"Jan","2022","S08000019","NHS Forth Valley",6032,4681,1351,77.6,22.4,4681,1351
2022-01-01,"Jan","2022","S08000020","NHS Grampian",8353,6252,2101,74.8,25.2,6252,2101
2022-01-01,"Jan","2022","S08000022","NHS Highland",6349,5607,742,88.3,11.7,5607,742
2022-01-01,"Jan","2022","S08000024","NHS Lothian",20163,13996,6167,69.4,30.6,13996,6167
2022-01-01,"Jan","2022","S08000025","NHS Orkney",478,444,34,92.9,7.1,444,34
2022-01-01,"Jan","2022","S08000026","NHS Shetland",541,531,10,98.2,1.8,531,10
2022-01-01,"Jan","2022","S08000028","NHS Western Isles",437,431,6,98.6,1.4,431,6
2022-01-01,"Jan","2022","S08000029","NHS Fife",5883,4531,1352,77,23,4531,1352
2022-01-01,"Jan","2022","S08000030","NHS Tayside",6511,6169,342,94.7,5.3,6169,342
2022-01-01,"Jan","2022","S08000031","NHS Greater Glasgow and Clyde",28750,22111,6639,76.9,23.1,22111,6639
2022-01-01,"Jan","2022","S08000032","NHS Lanarkshire",15281,10372,4909,67.9,32.1,10372,4909
2022-02-01,"Feb","2022","S08000015","NHS Ayrshire and Arran",6739,4860,1879,72.1,27.9,4860,1879
2022-02-01,"Feb","2022","S08000016","NHS Borders",2203,1451,752,65.9,34.1,1451,752
2022-02-01,"Feb","2022","S08000017","NHS Dumfries and Galloway",3183,2586,597,81.2,18.8,2586,597
2022-02-01,"Feb","2022","S08000019","NHS Forth Valley",6094,4636,1458,76.1,23.9,4636,1458
2022-02-01,"Feb","2022","S08000020","NHS Grampian",8198,5991,2207,73.1,26.9,5991,2207
2022-02-01,"Feb","2022","S08000022","NHS Highland",6259,5490,769,87.7,12.3,5490,769
2022-02-01,"Feb","2022","S08000024","NHS Lothian",19836,12847,6989,64.8,35.2,12847,6989
2022-02-01,"Feb","2022","S08000025","NHS Orkney",426,405,21,95.1,4.9,405,21
2022-02-01,"Feb","2022","S08000026","NHS Shetland",515,505,10,98.1,1.9,505,10
2022-02-01,"Feb","2022","S08000028","NHS Western Isles",475,463,12,97.5,2.5,463,12
2022-02-01,"Feb","2022","S08000029","NHS Fife",5997,4976,1021,83,17,4976,1021
2022-02-01,"Feb","2022","S08000030","NHS Tayside",6429,5982,447,93,7,5982,447
2022-02-01,"Feb","2022","S08000031","NHS Greater Glasgow and Clyde",28821,22035,6786,76.5,23.5,22035,6786
2022-02-01,"Feb","2022","S08000032","NHS Lanarkshire",15109,9590,5519,63.5,36.5,9590,5519
2022-03-01,"Mar","2022","S08000015","NHS Ayrshire and Arran",8279,5708,2571,68.9,31.1,5708,2571
2022-03-01,"Mar","2022","S08000016","NHS Borders",2540,1574,966,62,38,1574,966
2022-03-01,"Mar","2022","S08000017","NHS Dumfries and Galloway",3733,2973,760,79.6,20.4,2973,760
2022-03-01,"Mar","2022","S08000019","NHS Forth Valley",7253,4958,2295,68.4,31.6,4958,2295
2022-03-01,"Mar","2022","S08000020","NHS Grampian",9581,6883,2698,71.8,28.2,6883,2698
2022-03-01,"Mar","2022","S08000022","NHS Highland",7444,6375,1069,85.6,14.4,6375,1069
2022-03-01,"Mar","2022","S08000024","NHS Lothian",23716,15532,8184,65.5,34.5,15532,8184
2022-03-01,"Mar","2022","S08000025","NHS Orkney",515,471,44,91.5,8.5,471,44
2022-03-01,"Mar","2022","S08000026","NHS Shetland",554,533,21,96.2,3.8,533,21
2022-03-01,"Mar","2022","S08000028","NHS Western Isles",516,496,20,96.1,3.9,496,20
2022-03-01,"Mar","2022","S08000029","NHS Fife",7308,5815,1493,79.6,20.4,5815,1493
2022-03-01,"Mar","2022","S08000030","NHS Tayside",7780,7246,534,93.1,6.9,7246,534
2022-03-01,"Mar","2022","S08000031","NHS Greater Glasgow and Clyde",34153,24498,9655,71.7,28.3,24498,9655
2022-03-01,"Mar","2022","S08000032","NHS Lanarkshire",16950,10204,6746,60.2,39.8,10204,6746
2022-04-01,"Apr","2022","S08000015","NHS Ayrshire and Arran",7683,5138,2545,66.9,33.1,5138,2545
2022-04-01,"Apr","2022","S08000016","NHS Borders",2397,1440,957,60.1,39.9,1440,957
2022-04-01,"Apr","2022","S08000017","NHS Dumfries and Galloway",3782,3134,648,82.9,17.1,3134,648
2022-04-01,"Apr","2022","S08000019","NHS Forth Valley",6861,4547,2314,66.3,33.7,4547,2314
2022-04-01,"Apr","2022","S08000020","NHS Grampian",9314,6699,2615,71.9,28.1,6699,2615
2022-04-01,"Apr","2022","S08000022","NHS Highland",7494,6472,1022,86.4,13.6,6472,1022
2022-04-01,"Apr","2022","S08000024","NHS Lothian",21559,13928,7631,64.6,35.4,13928,7631
2022-04-01,"Apr","2022","S08000025","NHS Orkney",534,488,46,91.4,8.6,488,46
2022-04-01,"Apr","2022","S08000026","NHS Shetland",580,555,25,95.7,4.3,555,25
2022-04-01,"Apr","2022","S08000028","NHS Western Isles",564,545,19,96.6,3.4,545,19
2022-04-01,"Apr","2022","S08000029","NHS Fife",6624,5136,1488,77.5,22.5,5136,1488
2022-04-01,"Apr","2022","S08000030","NHS Tayside",7739,7121,618,92,8,7121,618
2022-04-01,"Apr","2022","S08000031","NHS Greater Glasgow and Clyde",31424,22987,8437,73.2,26.8,22987,8437
2022-04-01,"Apr","2022","S08000032","NHS Lanarkshire",16085,10282,5803,63.9,36.1,10282,5803
