"Date2","Month","Year","HBT","HBName","NumberOfAttendancesAll","NumberWithin4HoursAll","NumberNotOnTarget","PercentageOnTarget","PercentageNotOnTarget","Seen within target","Waiting over 4 hrs"
2007-07-01,"Jul","2007","S92000003","Scotland",264480,255580,8900,96.6,3.4,255580,8900
2007-08-01,"Aug","2007","S92000003","Scotland",270772,260858,9914,96.3,3.7,260858,9914
2007-09-01,"Sep","2007","S92000003","Scotland",261604,253030,8574,96.7,3.3,253030,8574
2007-10-01,"Oct","2007","S92000003","Scotland",259928,252370,7558,97.1,2.9,252370,7558
2007-11-01,"Nov","2007","S92000003","Scotland",243566,237754,5812,97.6,2.4,237754,5812
2007-12-01,"Dec","2007","S92000003","Scotland",244744,239392,5352,97.8,2.2,239392,5352
2008-01-01,"Jan","2008","S92000003","Scotland",241388,235168,6220,97.4,2.6,235168,6220
2008-02-01,"Feb","2008","S92000003","Scotland",236984,232050,4934,97.9,2.1,232050,4934
2008-03-01,"Mar","2008","S92000003","Scotland",267980,261200,6780,97.5,2.5,261200,6780
2008-04-01,"Apr","2008","S92000003","Scotland",255676,249822,5854,97.7,2.3,249822,5854
2008-05-01,"May","2008","S92000003","Scotland",286848,281452,5396,98.1,1.9,281452,5396
2008-06-01,"Jun","2008","S92000003","Scotland",271506,266604,4902,98.2,1.8,266604,4902
2008-07-01,"Jul","2008","S92000003","Scotland",266592,262664,3928,98.5,1.5,262664,3928
2008-08-01,"Aug","2008","S92000003","Scotland",273076,267082,5994,97.8,2.2,267082,5994
2008-09-01,"Sep","2008","S92000003","Scotland",264380,259538,4842,98.2,1.8,259538,4842
2008-10-01,"Oct","2008","S92000003","Scotland",251782,247036,4746,98.1,1.9,247036,4746
2008-11-01,"Nov","2008","S92000003","Scotland",250174,244362,5812,97.7,2.3,244362,5812
2008-12-01,"Dec","2008","S92000003","Scotland",256776,248132,8644,96.6,3.4,248132,8644
2009-01-01,"Jan","2009","S92000003","Scotland",248196,239466,8730,96.5,3.5,239466,8730
2009-02-01,"Feb","2009","S92000003","Scotland",235356,229030,6326,97.3,2.7,229030,6326
2009-03-01,"Mar","2009","S92000003","Scotland",280798,274372,6426,97.7,2.3,274372,6426
2009-04-01,"Apr","2009","S92000003","Scotland",277206,269754,7452,97.3,2.7,269754,7452
2009-05-01,"May","2009","S92000003","Scotland",286612,280366,6246,97.8,2.2,280366,6246
2009-06-01,"Jun","2009","S92000003","Scotland",284824,278938,5886,97.9,2.1,278938,5886
2009-07-01,"Jul","2009","S92000003","Scotland",278778,273796,4982,98.2,1.8,273796,4982
2009-08-01,"Aug","2009","S92000003","Scotland",279430,273912,5518,98,2,273912,5518
2009-09-01,"Sep","2009","S92000003","Scotland",274330,268734,5596,98,2,268734,5596
2009-10-01,"Oct","2009","S92000003","Scotland",267996,261070,6926,97.4,2.6,261070,6926
2009-11-01,"Nov","2009","S92000003","Scotland",259920,253172,6748,97.4,2.6,253172,6748
2009-12-01,"Dec","2009","S92000003","Scotland",259180,251860,7320,97.2,2.8,251860,7320
2010-01-01,"Jan","2010","S92000003","Scotland",251602,241522,10080,96,4,241522,10080
2010-02-01,"Feb","2010","S92000003","Scotland",233088,224678,8410,96.4,3.6,224678,8410
2010-03-01,"Mar","2010","S92000003","Scotland",275390,265744,9646,96.5,3.5,265744,9646
2010-04-01,"Apr","2010","S92000003","Scotland",273006,265198,7808,97.1,2.9,265198,7808
2010-05-01,"May","2010","S92000003","Scotland",299060,290792,8268,97.2,2.8,290792,8268
2010-06-01,"Jun","2010","S92000003","Scotland",285884,278446,7438,97.4,2.6,278446,7438
2010-07-01,"Jul","2010","S92000003","Scotland",269164,263410,5754,97.9,2.1,263410,5754
2010-08-01,"Aug","2010","S92000003","Scotland",288706,279930,8776,97,3,279930,8776
2010-09-01,"Sep","2010","S92000003","Scotland",273260,265378,7882,97.1,2.9,265378,7882
2010-10-01,"Oct","2010","S92000003","Scotland",263794,255254,8540,96.8,3.2,255254,8540
2010-11-01,"Nov","2010","S92000003","Scotland",246038,236536,9502,96.1,3.9,236536,9502
2010-12-01,"Dec","2010","S92000003","Scotland",243548,230962,12586,94.8,5.2,230962,12586
2011-01-01,"Jan","2011","S92000003","Scotland",267382,250408,16974,93.7,6.3,250408,16974
2011-02-01,"Feb","2011","S92000003","Scotland",239278,227230,12048,95,5,227230,12048
2011-03-01,"Mar","2011","S92000003","Scotland",275980,263136,12844,95.3,4.7,263136,12844
2011-04-01,"Apr","2011","S92000003","Scotland",278640,267168,11472,95.9,4.1,267168,11472
2011-05-01,"May","2011","S92000003","Scotland",286620,274994,11626,95.9,4.1,274994,11626
2011-06-01,"Jun","2011","S92000003","Scotland",274106,263128,10978,96,4,263128,10978
2011-07-01,"Jul","2011","S92000003","Scotland",281798,273734,8064,97.1,2.9,273734,8064
2011-08-01,"Aug","2011","S92000003","Scotland",280154,271722,8432,97,3,271722,8432
2011-09-01,"Sep","2011","S92000003","Scotland",277122,265946,11176,96,4,265946,11176
2011-10-01,"Oct","2011","S92000003","Scotland",268658,257622,11036,95.9,4.1,257622,11036
2011-11-01,"Nov","2011","S92000003","Scotland",254778,245266,9512,96.3,3.7,245266,9512
2011-12-01,"Dec","2011","S92000003","Scotland",258502,244918,13584,94.7,5.3,244918,13584
2012-01-01,"Jan","2012","S92000003","Scotland",258060,243448,14612,94.3,5.7,243448,14612
2012-02-01,"Feb","2012","S92000003","Scotland",254024,239904,14120,94.4,5.6,239904,14120
2012-03-01,"Mar","2012","S92000003","Scotland",295350,281688,13662,95.4,4.6,281688,13662
2012-04-01,"Apr","2012","S92000003","Scotland",274674,258848,15826,94.2,5.8,258848,15826
2012-05-01,"May","2012","S92000003","Scotland",296294,280482,15812,94.7,5.3,280482,15812
2012-06-01,"Jun","2012","S92000003","Scotland",277702,264060,13642,95.1,4.9,264060,13642
2012-07-01,"Jul","2012","S92000003","Scotland",271014,260706,10308,96.2,3.8,260706,10308
2012-08-01,"Aug","2012","S92000003","Scotland",289870,276700,13170,95.5,4.5,276700,13170
2012-09-01,"Sep","2012","S92000003","Scotland",278286,264300,13986,95,5,264300,13986
2012-10-01,"Oct","2012","S92000003","Scotland",266848,251882,14966,94.4,5.6,251882,14966
2012-11-01,"Nov","2012","S92000003","Scotland",256792,240008,16784,93.5,6.5,240008,16784
2012-12-01,"Dec","2012","S92000003","Scotland",264906,239166,25740,90.3,9.7,239166,25740
2013-01-01,"Jan","2013","S92000003","Scotland",251376,225394,25982,89.7,10.3,225394,25982
2013-02-01,"Feb","2013","S92000003","Scotland",241386,221838,19548,91.9,8.1,221838,19548
2013-03-01,"Mar","2013","S92000003","Scotland",267708,245952,21756,91.9,8.1,245952,21756
2013-04-01,"Apr","2013","S92000003","Scotland",271084,248358,22726,91.6,8.4,248358,22726
2013-05-01,"May","2013","S92000003","Scotland",284076,268662,15414,94.6,5.4,268662,15414
2013-06-01,"Jun","2013","S92000003","Scotland",279804,264700,15104,94.6,5.4,264700,15104
2013-07-01,"Jul","2013","S92000003","Scotland",290630,278632,11998,95.9,4.1,278632,11998
2013-08-01,"Aug","2013","S92000003","Scotland",288216,274206,14010,95.1,4.9,274206,14010
2013-09-01,"Sep","2013","S92000003","Scotland",273316,259172,14144,94.8,5.2,259172,14144
2013-10-01,"Oct","2013","S92000003","Scotland",264100,248008,16092,93.9,6.1,248008,16092
2013-11-01,"Nov","2013","S92000003","Scotland",251634,238378,13256,94.7,5.3,238378,13256
2013-12-01,"Dec","2013","S92000003","Scotland",253582,237008,16574,93.5,6.5,237008,16574
2014-01-01,"Jan","2014","S92000003","Scotland",257570,237508,20062,92.2,7.8,237508,20062
2014-02-01,"Feb","2014","S92000003","Scotland",245112,225098,20014,91.8,8.2,225098,20014
2014-03-01,"Mar","2014","S92000003","Scotland",283790,264916,18874,93.3,6.7,264916,18874
2014-04-01,"Apr","2014","S92000003","Scotland",274860,255554,19306,93,7,255554,19306
2014-05-01,"May","2014","S92000003","Scotland",293350,272060,21290,92.7,7.3,272060,21290
2014-06-01,"Jun","2014","S92000003","Scotland",289624,272236,17388,94,6,272236,17388
2014-07-01,"Jul","2014","S92000003","Scotland",288402,272700,15702,94.6,5.4,272700,15702
2014-08-01,"Aug","2014","S92000003","Scotland",283924,264512,19412,93.2,6.8,264512,19412
2014-09-01,"Sep","2014","S92000003","Scotland",285084,266554,18530,93.5,6.5,266554,18530
2014-10-01,"Oct","2014","S92000003","Scotland",266926,245108,21818,91.8,8.2,245108,21818
2014-11-01,"Nov","2014","S92000003","Scotland",261882,240396,21486,91.8,8.2,240396,21486
2014-12-01,"Dec","2014","S92000003","Scotland",258510,232356,26154,89.9,10.1,232356,26154
2015-01-01,"Jan","2015","S92000003","Scotland",258416,225168,33248,87.1,12.9,225168,33248
2015-02-01,"Feb","2015","S92000003","Scotland",242542,213312,29230,87.9,12.1,213312,29230
2015-03-01,"Mar","2015","S92000003","Scotland",275120,253588,21532,92.2,7.8,253588,21532
2015-04-01,"Apr","2015","S92000003","Scotland",269396,250062,19334,92.8,7.2,250062,19334
2015-05-01,"May","2015","S92000003","Scotland",276132,258146,17986,93.5,6.5,258146,17986
2015-06-01,"Jun","2015","S92000003","Scotland",269484,254206,15278,94.3,5.7,254206,15278
2015-07-01,"Jul","2015","S92000003","Scotland",263844,252864,10980,95.8,4.2,252864,10980
2015-08-01,"Aug","2015","S92000003","Scotland",284150,270582,13568,95.2,4.8,270582,13568
2015-09-01,"Sep","2015","S92000003","Scotland",274134,261568,12566,95.4,4.6,261568,12566
2015-10-01,"Oct","2015","S92000003","Scotland",266030,251820,14210,94.7,5.3,251820,14210
2015-11-01,"Nov","2015","S92000003","Scotland",255046,242016,13030,94.9,5.1,242016,13030
2015-12-01,"Dec","2015","S92000003","Scotland",250392,237690,12702,94.9,5.1,237690,12702
2016-01-01,"Jan","2016","S92000003","Scotland",259040,237800,21240,91.8,8.2,237800,21240
2016-02-01,"Feb","2016","S92000003","Scotland",255624,237598,18026,92.9,7.1,237598,18026
2016-03-01,"Mar","2016","S92000003","Scotland",289824,269746,20078,93.1,6.9,269746,20078
2016-04-01,"Apr","2016","S92000003","Scotland",263502,250550,12952,95.1,4.9,250550,12952
2016-05-01,"May","2016","S92000003","Scotland",297028,280618,16410,94.5,5.5,280618,16410
2016-06-01,"Jun","2016","S92000003","Scotland",278576,266574,12002,95.7,4.3,266574,12002
2016-07-01,"Jul","2016","S92000003","Scotland",271042,259536,11506,95.8,4.2,259536,11506
2016-08-01,"Aug","2016","S92000003","Scotland",285878,270880,14998,94.8,5.2,270880,14998
2016-09-01,"Sep","2016","S92000003","Scotland",282210,267686,14524,94.9,5.1,267686,14524
2016-10-01,"Oct","2016","S92000003","Scotland",273484,256866,16618,93.9,6.1,256866,16618
2016-11-01,"Nov","2016","S92000003","Scotland",258454,241814,16640,93.6,6.4,241814,16640
2016-12-01,"Dec","2016","S92000003","Scotland",261678,242346,19332,92.6,7.4,242346,19332
2017-01-01,"Jan","2017","S92000003","Scotland",257286,236318,20968,91.9,8.1,236318,20968
2017-02-01,"Feb","2017","S92000003","Scotland",237584,219862,17722,92.5,7.5,219862,17722
2017-03-01,"Mar","2017","S92000003","Scotland",277614,260408,17206,93.8,6.2,260408,17206
2017-04-01,"Apr","2017","S92000003","Scotland",272146,254124,18022,93.4,6.6,254124,18022
2017-05-01,"May","2017","S92000003","Scotland",300838,282656,18182,94,6,282656,18182
2017-06-01,"Jun","2017","S92000003","Scotland",277602,264976,12626,95.5,4.5,264976,12626
2017-07-01,"Jul","2017","S92000003","Scotland",275254,263536,11718,95.7,4.3,263536,11718
2017-08-01,"Aug","2017","S92000003","Scotland",282696,268684,14012,95,5,268684,14012
2017-09-01,"Sep","2017","S92000003","Scotland",281870,263522,18348,93.5,6.5,263522,18348
2017-10-01,"Oct","2017","S92000003","Scotland",275658,260306,15352,94.4,5.6,260306,15352
2017-11-01,"Nov","2017","S92000003","Scotland",264428,246658,17770,93.3,6.7,246658,17770
2017-12-01,"Dec","2017","S92000003","Scotland",283956,241522,42434,85.1,14.9,241522,42434
2018-01-01,"Jan","2018","S92000003","Scotland",258082,224944,33138,87.2,12.8,224944,33138
2018-02-01,"Feb","2018","S92000003","Scotland",243332,219842,23490,90.3,9.7,219842,23490
2018-03-01,"Mar","2018","S92000003","Scotland",275610,242394,33216,87.9,12.1,242394,33216
2018-04-01,"Apr","2018","S92000003","Scotland",275526,247944,27582,90,10,247944,27582
2018-05-01,"May","2018","S92000003","Scotland",306166,284900,21266,93.1,6.9,284900,21266
2018-06-01,"Jun","2018","S92000003","Scotland",293278,272184,21094,92.8,7.2,272184,21094
2018-07-01,"Jul","2018","S92000003","Scotland",291282,270926,20356,93,7,270926,20356
2018-08-01,"Aug","2018","S92000003","Scotland",289756,266526,23230,92,8,266526,23230
2018-09-01,"Sep","2018","S92000003","Scotland",281192,255614,25578,90.9,9.1,255614,25578
2018-10-01,"Oct","2018","S92000003","Scotland",276330,254844,21486,92.2,7.8,254844,21486
2018-11-01,"Nov","2018","S92000003","Scotland",270790,247136,23654,91.3,8.7,247136,23654
2018-12-01,"Dec","2018","S92000003","Scotland",276254,247436,28818,89.6,10.4,247436,28818
2019-01-01,"Jan","2019","S92000003","Scotland",277770,246544,31226,88.8,11.2,246544,31226
2019-02-01,"Feb","2019","S92000003","Scotland",260094,232322,27772,89.3,10.7,232322,27772
2019-03-01,"Mar","2019","S92000003","Scotland",289128,264052,25076,91.3,8.7,264052,25076
2019-04-01,"Apr","2019","S92000003","Scotland",290680,261394,29286,89.9,10.1,261394,29286
2019-05-01,"May","2019","S92000003","Scotland",301428,273406,28022,90.7,9.3,273406,28022
2019-06-01,"Jun","2019","S92000003","Scotland",295254,266698,28556,90.3,9.7,266698,28556
2019-07-01,"Jul","2019","S92000003","Scotland",301402,274898,26504,91.2,8.8,274898,26504
2019-08-01,"Aug","2019","S92000003","Scotland",305028,276284,28744,90.6,9.4,276284,28744
2019-09-01,"Sep","2019","S92000003","Scotland",301816,269442,32374,89.3,10.7,269442,32374
2019-10-01,"Oct","2019","S92000003","Scotland",292136,256290,35846,87.7,12.3,256290,35846
2019-11-01,"Nov","2019","S92000003","Scotland",283946,242864,41082,85.5,14.5,242864,41082
2019-12-01,"Dec","2019","S92000003","Scotland",282836,237094,45742,83.8,16.2,237094,45742
2020-01-01,"Jan","2020","S92000003","Scotland",277450,238882,38568,86.1,13.9,238882,38568
2020-02-01,"Feb","2020","S92000003","Scotland",256682,223478,33204,87.1,12.9,223478,33204
2020-03-01,"Mar","2020","S92000003","Scotland",202450,180678,21772,89.2,10.8,180678,21772
2020-04-01,"Apr","2020","S92000003","Scotland",130234,123552,6682,94.9,5.1,123552,6682
2020-05-01,"May","2020","S92000003","Scotland",177228,169640,7588,95.7,4.3,169640,7588
2020-06-01,"Jun","2020","S92000003","Scotland",202462,193552,8910,95.6,4.4,193552,8910
2020-07-01,"Jul","2020","S92000003","Scotland",224370,213380,10990,95.1,4.9,213380,10990
2020-08-01,"Aug","2020","S92000003","Scotland",245482,228168,17314,92.9,7.1,228168,17314
2020-09-01,"Sep","2020","S92000003","Scotland",232460,214144,18316,92.1,7.9,214144,18316
2020-10-01,"Oct","2020","S92000003","Scotland",214812,192440,22372,89.6,10.4,192440,22372
2020-11-01,"Nov","2020","S92000003","Scotland",200752,180286,20466,89.8,10.2,180286,20466
2020-12-01,"Dec","2020","S92000003","Scotland",190560,164800,25760,86.5,13.5,164800,25760
2021-01-01,"Jan","2021","S92000003","Scotland",175598,151400,24198,86.2,13.8,151400,24198
2021-02-01,"Feb","2021","S92000003","Scotland",164526,142064,22462,86.3,13.7,142064,22462
2021-03-01,"Mar","2021","S92000003","Scotland",212266,188168,24098,88.6,11.4,188168,24098
2021-04-01,"Apr","2021","S92000003","Scotland",236330,209980,26350,88.9,11.1,209980,26350
2021-05-01,"May","2021","S92000003","Scotland",264050,230454,33596,87.3,12.7,230454,33596
2021-06-01,"Jun","2021","S92000003","Scotland",279498,238240,41258,85.2,14.8,238240,41258
2021-07-01,"Jul","2021","S92000003","Scotland",270796,221460,49336,81.8,18.2,221460,49336
2021-08-01,"Aug","2021","S92000003","Scotland",278362,217510,60852,78.1,21.9,217510,60852
2021-09-01,"Sep","2021","S92000003","Scotland",268372,205168,63204,76.4,23.6,205168,63204
2021-10-01,"Oct","2021","S92000003","Scotland",253408,187022,66386,73.8,26.2,187022,66386
2021-11-01,"Nov","2021","S92000003","Scotland",242340,184716,57624,76.2,23.8,184716,57624
2021-12-01,"Dec","2021","S92000003","Scotland",226434,172012,54422,76,24,172012,54422
2022-01-01,"Jan","2022","S92000003","Scotland",225908,172438,53470,76.3,23.7,172438,53470
2022-02-01,"Feb","2022","S92000003","Scotland",224886,167630,57256,74.5,25.5,167630,57256
2022-03-01,"Mar","2022","S92000003","Scotland",265192,190642,74550,71.9,28.1,190642,74550
2022-04-01,"Apr","2022","S92000003","Scotland",250502,181522,68980,72.5,27.5,181522,68980
2022-05-01,"May","2022","S92000003","Scotland",282966,207426,75540,73.3,26.7,207426,75540
2022-06-01,"Jun","2022","S92000003","Scotland",276210,197742,78468,71.6,28.4,197742,78468
2022-07-01,"Jul","2022","S92000003","Scotland",263104,185004,78100,70.3,29.7,185004,78100
2022-08-01,"Aug","2022","S92000003","Scotland",275098,192224,82874,69.9,30.1,192224,82874
2022-09-01,"Sep","2022","S92000003","Scotland",266168,184344,81824,69.3,30.7,184344,81824
2022-10-01,"Oct","2022","S92000003","Scotland",262722,178202,84520,67.8,32.2,178202,84520
2022-11-01,"Nov","2022","S92000003","Scotland",255842,173356,82486,67.8,32.2,173356,82486
2022-12-01,"Dec","2022","S92000003","Scotland",263576,164500,99076,62.4,37.6,164500,99076
2023-01-01,"Jan","2023","S92000003","Scotland",231946,160102,71844,69,31,160102,71844
2023-02-01,"Feb","2023","S92000003","Scotland",225334,157554,67780,69.9,30.1,157554,67780
2023-03-01,"Mar","2023","S92000003","Scotland",261374,178436,82938,68.3,31.7,178436,82938
2023-04-01,"Apr","2023","S92000003","Scotland",253966,176692,77274,69.6,30.4,176692,77274
2023-05-01,"May","2023","S92000003","Scotland",281692,200296,81396,71.1,28.9,200296,81396
2023-06-01,"Jun","2023","S92000003","Scotland",278684,203040,75644,72.9,27.1,203040,75644
2023-07-01,"Jul","2023","S92000003","Scotland",264526,193442,71084,73.1,26.9,193442,71084
2023-08-01,"Aug","2023","S92000003","Scotland",279154,200234,78920,71.7,28.3,200234,78920
2023-09-01,"Sep","2023","S92000003","Scotland",272100,191792,80308,70.5,29.5,191792,80308
2023-10-01,"Oct","2023","S92000003","Scotland",263084,181056,82028,68.8,31.2,181056,82028
2023-11-01,"Nov","2023","S92000003","Scotland",253694,171900,81794,67.8,32.2,171900,81794
2023-12-01,"Dec","2023","S92000003","Scotland",255962,170116,85846,66.5,33.5,170116,85846
2024-01-01,"Jan","2024","S92000003","Scotland",257356,169764,87592,66,34,169764,87592
2024-02-01,"Feb","2024","S92000003","Scotland",252148,170398,81750,67.6,32.4,170398,81750
2024-03-01,"Mar","2024","S92000003","Scotland",278002,188922,89080,68,32,188922,89080
2024-04-01,"Apr","2024","S92000003","Scotland",266872,181422,85450,68,32,181422,85450
2024-05-01,"May","2024","S92000003","Scotland",299594,214874,84720,71.7,28.3,214874,84720
2024-06-01,"Jun","2024","S92000003","Scotland",282212,197216,84996,69.9,30.1,197216,84996
2024-07-01,"Jul","2024","S92000003","Scotland",273652,192970,80682,70.5,29.5,192970,80682
2024-08-01,"Aug","2024","S92000003","Scotland",278568,196122,82446,70.4,29.6,196122,82446
2024-09-01,"Sep","2024","S92000003","Scotland",280954,197600,83354,70.3,29.7,197600,83354
2024-10-01,"Oct","2024","S92000003","Scotland",274422,185148,89274,67.5,32.5,185148,89274
2024-11-01,"Nov","2024","S92000003","Scotland",266050,178538,87512,67.1,32.9,178538,87512
2024-12-01,"Dec","2024","S92000003","Scotland",265948,168570,97378,63.4,36.6,168570,97378
2025-01-01,"Jan","2025","S92000003","Scotland",252126,167120,85006,66.3,33.7,167120,85006
2025-02-01,"Feb","2025","S92000003","Scotland",240120,162574,77546,67.7,32.3,162574,77546
2025-03-01,"Mar","2025","S92000003","Scotland",282930,199784,83146,70.6,29.4,199784,83146
2025-04-01,"Apr","2025","S92000003","Scotland",277722,197354,80368,71.1,28.9,197354,80368
2025-05-01,"May","2025","S92000003","Scotland",297988,214130,83858,71.9,28.1,214130,83858
2025-06-01,"Jun","2025","S92000003","Scotland",282018,199702,82316,70.8,29.2,199702,82316
2025-07-01,"Jul","2025","S92000003","Scotland",281876,200602,81274,71.2,28.8,200602,81274
2025-08-01,"Aug","2025","S92000003","Scotland",293750,202250,91500,68.9,31.1,202250,91500
2007-07-01,"Jul","2007","S08000015","NHS Ayrshire and Arran",18576,17978,598,96.8,3.2,17978,598
2007-07-01,"Jul","2007","S08000016","NHS Borders",4132,4094,38,99.1,0.9,4094,38
2007-07-01,"Jul","2007","S08000017","NHS Dumfries and Galloway",8840,8580,260,97.1,2.9,8580,260
2007-07-01,"Jul","2007","S08000019","NHS Forth Valley",11934,11542,392,96.7,3.3,11542,392
2007-07-01,"Jul","2007","S08000020","NHS Grampian",24164,23690,474,98,2,23690,474
2007-07-01,"Jul","2007","S08000022","NHS Highland",16928,16696,232,98.6,1.4,16696,232
2007-07-01,"Jul","2007","S08000024","NHS Lothian",36456,34626,1830,95,5,34626,1830
2007-07-01,"Jul","2007","S08000025","NHS Orkney",450,450,0,100,0,450,0
2007-07-01,"Jul","2007","S08000026","NHS Shetland",1604,1582,22,98.6,1.4,1582,22
2007-07-01,"Jul","2007","S08000028","NHS Western Isles",1936,1908,28,98.6,1.4,1908,28
2007-07-01,"Jul","2007","S08000029","NHS Fife",16012,15458,554,96.5,3.5,15458,554
2007-07-01,"Jul","2007","S08000030","NHS Tayside",16832,16770,62,99.6,0.4,16770,62
2007-07-01,"Jul","2007","S08000031","NHS Greater Glasgow and Clyde",74430,71416,3014,96,4,71416,3014
2007-07-01,"Jul","2007","S08000032","NHS Lanarkshire",32186,30790,1396,95.7,4.3,30790,1396
2007-08-01,"Aug","2007","S08000015","NHS Ayrshire and Arran",19128,18494,634,96.7,3.3,18494,634
2007-08-01,"Aug","2007","S08000016","NHS Borders",4550,4526,24,99.5,0.5,4526,24
2007-08-01,"Aug","2007","S08000017","NHS Dumfries and Galloway",9040,8784,256,97.2,2.8,8784,256
2007-08-01,"Aug","2007","S08000019","NHS Forth Valley",12484,11850,634,94.9,5.1,11850,634
2007-08-01,"Aug","2007","S08000020","NHS Grampian",24392,23814,578,97.6,2.4,23814,578
2007-08-01,"Aug","2007","S08000022","NHS Highland",17670,17380,290,98.4,1.6,17380,290
2007-08-01,"Aug","2007","S08000024","NHS Lothian",38712,36326,2386,93.8,6.2,36326,2386
2007-08-01,"Aug","2007","S08000025","NHS Orkney",474,474,0,100,0,474,0
2007-08-01,"Aug","2007","S08000026","NHS Shetland",1490,1454,36,97.6,2.4,1454,36
2007-08-01,"Aug","2007","S08000028","NHS Western Isles",1830,1778,52,97.2,2.8,1778,52
2007-08-01,"Aug","2007","S08000029","NHS Fife",15580,15100,480,96.9,3.1,15100,480
2007-08-01,"Aug","2007","S08000030","NHS Tayside",16368,16260,108,99.3,0.7,16260,108
2007-08-01,"Aug","2007","S08000031","NHS Greater Glasgow and Clyde",76148,72498,3650,95.2,4.8,72498,3650
2007-08-01,"Aug","2007","S08000032","NHS Lanarkshire",32906,32120,786,97.6,2.4,32120,786
2007-09-01,"Sep","2007","S08000015","NHS Ayrshire and Arran",18040,17668,372,97.9,2.1,17668,372
2007-09-01,"Sep","2007","S08000016","NHS Borders",4542,4518,24,99.5,0.5,4518,24
2007-09-01,"Sep","2007","S08000017","NHS Dumfries and Galloway",8302,8118,184,97.8,2.2,8118,184
2007-09-01,"Sep","2007","S08000019","NHS Forth Valley",12228,11640,588,95.2,4.8,11640,588
2007-09-01,"Sep","2007","S08000020","NHS Grampian",24246,23560,686,97.2,2.8,23560,686
2007-09-01,"Sep","2007","S08000022","NHS Highland",15256,15060,196,98.7,1.3,15060,196
2007-09-01,"Sep","2007","S08000024","NHS Lothian",37578,35662,1916,94.9,5.1,35662,1916
2007-09-01,"Sep","2007","S08000025","NHS Orkney",484,484,0,100,0,484,0
2007-09-01,"Sep","2007","S08000026","NHS Shetland",1426,1382,44,96.9,3.1,1382,44
2007-09-01,"Sep","2007","S08000028","NHS Western Isles",1622,1572,50,96.9,3.1,1572,50
2007-09-01,"Sep","2007","S08000029","NHS Fife",15372,14780,592,96.1,3.9,14780,592
2007-09-01,"Sep","2007","S08000030","NHS Tayside",16476,16368,108,99.3,0.7,16368,108
2007-09-01,"Sep","2007","S08000031","NHS Greater Glasgow and Clyde",73738,70772,2966,96,4,70772,2966
2007-09-01,"Sep","2007","S08000032","NHS Lanarkshire",32294,31446,848,97.4,2.6,31446,848
2007-10-01,"Oct","2007","S08000015","NHS Ayrshire and Arran",18510,18000,510,97.2,2.8,18000,510
2007-10-01,"Oct","2007","S08000016","NHS Borders",4270,4236,34,99.2,0.8,4236,34
2007-10-01,"Oct","2007","S08000017","NHS Dumfries and Galloway",7722,7604,118,98.5,1.5,7604,118
2007-10-01,"Oct","2007","S08000019","NHS Forth Valley",11660,11500,160,98.6,1.4,11500,160
2007-10-01,"Oct","2007","S08000020","NHS Grampian",23468,23102,366,98.4,1.6,23102,366
2007-10-01,"Oct","2007","S08000022","NHS Highland",14264,14136,128,99.1,0.9,14136,128
2007-10-01,"Oct","2007","S08000024","NHS Lothian",37464,35814,1650,95.6,4.4,35814,1650
2007-10-01,"Oct","2007","S08000025","NHS Orkney",398,398,0,100,0,398,0
2007-10-01,"Oct","2007","S08000026","NHS Shetland",1352,1340,12,99.1,0.9,1340,12
2007-10-01,"Oct","2007","S08000028","NHS Western Isles",1542,1510,32,97.9,2.1,1510,32
2007-10-01,"Oct","2007","S08000029","NHS Fife",15104,14744,360,97.6,2.4,14744,360
2007-10-01,"Oct","2007","S08000030","NHS Tayside",15904,15770,134,99.2,0.8,15770,134
2007-10-01,"Oct","2007","S08000031","NHS Greater Glasgow and Clyde",76358,73246,3112,95.9,4.1,73246,3112
2007-10-01,"Oct","2007","S08000032","NHS Lanarkshire",31912,30970,942,97,3,30970,942
2007-11-01,"Nov","2007","S08000015","NHS Ayrshire and Arran",16900,16584,316,98.1,1.9,16584,316
2007-11-01,"Nov","2007","S08000016","NHS Borders",3946,3904,42,98.9,1.1,3904,42
2007-11-01,"Nov","2007","S08000017","NHS Dumfries and Galloway",7226,7122,104,98.6,1.4,7122,104
2007-11-01,"Nov","2007","S08000019","NHS Forth Valley",11026,10846,180,98.4,1.6,10846,180
2007-11-01,"Nov","2007","S08000020","NHS Grampian",21538,21014,524,97.6,2.4,21014,524
2007-11-01,"Nov","2007","S08000022","NHS Highland",13020,12896,124,99,1,12896,124
2007-11-01,"Nov","2007","S08000024","NHS Lothian",36106,35040,1066,97,3,35040,1066
2007-11-01,"Nov","2007","S08000025","NHS Orkney",292,292,0,100,0,292,0
2007-11-01,"Nov","2007","S08000026","NHS Shetland",1244,1242,2,99.8,0.2,1242,2
2007-11-01,"Nov","2007","S08000028","NHS Western Isles",1112,1098,14,98.7,1.3,1098,14
2007-11-01,"Nov","2007","S08000029","NHS Fife",13924,13528,396,97.2,2.8,13528,396
2007-11-01,"Nov","2007","S08000030","NHS Tayside",14958,14858,100,99.3,0.7,14858,100
2007-11-01,"Nov","2007","S08000031","NHS Greater Glasgow and Clyde",71492,69206,2286,96.8,3.2,69206,2286
2007-11-01,"Nov","2007","S08000032","NHS Lanarkshire",30782,30124,658,97.9,2.1,30124,658
2007-12-01,"Dec","2007","S08000015","NHS Ayrshire and Arran",16956,16590,366,97.8,2.2,16590,366
2007-12-01,"Dec","2007","S08000016","NHS Borders",4214,4128,86,98,2,4128,86
2007-12-01,"Dec","2007","S08000017","NHS Dumfries and Galloway",7720,7562,158,98,2,7562,158
2007-12-01,"Dec","2007","S08000019","NHS Forth Valley",10606,10402,204,98.1,1.9,10402,204
2007-12-01,"Dec","2007","S08000020","NHS Grampian",22122,21518,604,97.3,2.7,21518,604
2007-12-01,"Dec","2007","S08000022","NHS Highland",13136,12964,172,98.7,1.3,12964,172
2007-12-01,"Dec","2007","S08000024","NHS Lothian",36004,34870,1134,96.9,3.1,34870,1134
2007-12-01,"Dec","2007","S08000025","NHS Orkney",308,308,0,100,0,308,0
2007-12-01,"Dec","2007","S08000026","NHS Shetland",1408,1396,12,99.1,0.9,1396,12
2007-12-01,"Dec","2007","S08000028","NHS Western Isles",1240,1224,16,98.7,1.3,1224,16
2007-12-01,"Dec","2007","S08000029","NHS Fife",13712,13418,294,97.9,2.1,13418,294
2007-12-01,"Dec","2007","S08000030","NHS Tayside",16142,15754,388,97.6,2.4,15754,388
2007-12-01,"Dec","2007","S08000031","NHS Greater Glasgow and Clyde",70710,69148,1562,97.8,2.2,69148,1562
2007-12-01,"Dec","2007","S08000032","NHS Lanarkshire",30466,30110,356,98.8,1.2,30110,356
2008-01-01,"Jan","2008","S08000015","NHS Ayrshire and Arran",17118,16870,248,98.6,1.4,16870,248
2008-01-01,"Jan","2008","S08000016","NHS Borders",4068,3946,122,97,3,3946,122
2008-01-01,"Jan","2008","S08000017","NHS Dumfries and Galloway",7412,7198,214,97.1,2.9,7198,214
2008-01-01,"Jan","2008","S08000019","NHS Forth Valley",10596,10376,220,97.9,2.1,10376,220
2008-01-01,"Jan","2008","S08000020","NHS Grampian",22040,21202,838,96.2,3.8,21202,838
2008-01-01,"Jan","2008","S08000022","NHS Highland",12732,12582,150,98.8,1.2,12582,150
2008-01-01,"Jan","2008","S08000024","NHS Lothian",35002,34166,836,97.6,2.4,34166,836
2008-01-01,"Jan","2008","S08000025","NHS Orkney",308,308,0,100,0,308,0
2008-01-01,"Jan","2008","S08000026","NHS Shetland",1258,1236,22,98.3,1.7,1236,22
2008-01-01,"Jan","2008","S08000028","NHS Western Isles",1206,1192,14,98.8,1.2,1192,14
2008-01-01,"Jan","2008","S08000029","NHS Fife",14006,13200,806,94.2,5.8,13200,806
2008-01-01,"Jan","2008","S08000030","NHS Tayside",14702,14530,172,98.8,1.2,14530,172
2008-01-01,"Jan","2008","S08000031","NHS Greater Glasgow and Clyde",70326,68624,1702,97.6,2.4,68624,1702
2008-01-01,"Jan","2008","S08000032","NHS Lanarkshire",30614,29738,876,97.1,2.9,29738,876
2008-02-01,"Feb","2008","S08000015","NHS Ayrshire and Arran",17110,16902,208,98.8,1.2,16902,208
2008-02-01,"Feb","2008","S08000016","NHS Borders",3776,3738,38,99,1,3738,38
2008-02-01,"Feb","2008","S08000017","NHS Dumfries and Galloway",7268,7082,186,97.4,2.6,7082,186
2008-02-01,"Feb","2008","S08000019","NHS Forth Valley",10478,10302,176,98.3,1.7,10302,176
2008-02-01,"Feb","2008","S08000020","NHS Grampian",22008,21232,776,96.5,3.5,21232,776
2008-02-01,"Feb","2008","S08000022","NHS Highland",11564,11396,168,98.5,1.5,11396,168
2008-02-01,"Feb","2008","S08000024","NHS Lothian",34720,34182,538,98.5,1.5,34182,538
2008-02-01,"Feb","2008","S08000025","NHS Orkney",356,352,4,98.9,1.1,352,4
2008-02-01,"Feb","2008","S08000026","NHS Shetland",1348,1338,10,99.3,0.7,1338,10
2008-02-01,"Feb","2008","S08000028","NHS Western Isles",1268,1246,22,98.3,1.7,1246,22
2008-02-01,"Feb","2008","S08000029","NHS Fife",13704,13296,408,97,3,13296,408
2008-02-01,"Feb","2008","S08000030","NHS Tayside",14234,14116,118,99.2,0.8,14116,118
2008-02-01,"Feb","2008","S08000031","NHS Greater Glasgow and Clyde",69530,68006,1524,97.8,2.2,68006,1524
2008-02-01,"Feb","2008","S08000032","NHS Lanarkshire",29620,28862,758,97.4,2.6,28862,758
2008-03-01,"Mar","2008","S08000015","NHS Ayrshire and Arran",19166,18820,346,98.2,1.8,18820,346
2008-03-01,"Mar","2008","S08000016","NHS Borders",4224,4120,104,97.5,2.5,4120,104
2008-03-01,"Mar","2008","S08000017","NHS Dumfries and Galloway",8374,8188,186,97.8,2.2,8188,186
2008-03-01,"Mar","2008","S08000019","NHS Forth Valley",12344,11870,474,96.2,3.8,11870,474
2008-03-01,"Mar","2008","S08000020","NHS Grampian",23216,22476,740,96.8,3.2,22476,740
2008-03-01,"Mar","2008","S08000022","NHS Highland",14710,14502,208,98.6,1.4,14502,208
2008-03-01,"Mar","2008","S08000024","NHS Lothian",38040,37198,842,97.8,2.2,37198,842
2008-03-01,"Mar","2008","S08000025","NHS Orkney",354,354,0,100,0,354,0
2008-03-01,"Mar","2008","S08000026","NHS Shetland",1498,1478,20,98.7,1.3,1478,20
2008-03-01,"Mar","2008","S08000028","NHS Western Isles",1394,1382,12,99.1,0.9,1382,12
2008-03-01,"Mar","2008","S08000029","NHS Fife",15976,15274,702,95.6,4.4,15274,702
2008-03-01,"Mar","2008","S08000030","NHS Tayside",17034,16874,160,99.1,0.9,16874,160
2008-03-01,"Mar","2008","S08000031","NHS Greater Glasgow and Clyde",77764,75826,1938,97.5,2.5,75826,1938
2008-03-01,"Mar","2008","S08000032","NHS Lanarkshire",33886,32838,1048,96.9,3.1,32838,1048
2008-04-01,"Apr","2008","S08000015","NHS Ayrshire and Arran",18582,18358,224,98.8,1.2,18358,224
2008-04-01,"Apr","2008","S08000016","NHS Borders",4032,3964,68,98.3,1.7,3964,68
2008-04-01,"Apr","2008","S08000017","NHS Dumfries and Galloway",7684,7562,122,98.4,1.6,7562,122
2008-04-01,"Apr","2008","S08000019","NHS Forth Valley",11226,10980,246,97.8,2.2,10980,246
2008-04-01,"Apr","2008","S08000020","NHS Grampian",22612,21928,684,97,3,21928,684
2008-04-01,"Apr","2008","S08000022","NHS Highland",14592,14370,222,98.5,1.5,14370,222
2008-04-01,"Apr","2008","S08000024","NHS Lothian",37296,36314,982,97.4,2.6,36314,982
2008-04-01,"Apr","2008","S08000025","NHS Orkney",338,338,0,100,0,338,0
2008-04-01,"Apr","2008","S08000026","NHS Shetland",1440,1418,22,98.5,1.5,1418,22
2008-04-01,"Apr","2008","S08000028","NHS Western Isles",1484,1476,8,99.5,0.5,1476,8
2008-04-01,"Apr","2008","S08000029","NHS Fife",14264,13746,518,96.4,3.6,13746,518
2008-04-01,"Apr","2008","S08000030","NHS Tayside",15480,15324,156,99,1,15324,156
2008-04-01,"Apr","2008","S08000031","NHS Greater Glasgow and Clyde",73966,72344,1622,97.8,2.2,72344,1622
2008-04-01,"Apr","2008","S08000032","NHS Lanarkshire",32680,31700,980,97,3,31700,980
2008-05-01,"May","2008","S08000015","NHS Ayrshire and Arran",20528,20208,320,98.4,1.6,20208,320
2008-05-01,"May","2008","S08000016","NHS Borders",4832,4746,86,98.2,1.8,4746,86
2008-05-01,"May","2008","S08000017","NHS Dumfries and Galloway",9106,8988,118,98.7,1.3,8988,118
2008-05-01,"May","2008","S08000019","NHS Forth Valley",13336,13006,330,97.5,2.5,13006,330
2008-05-01,"May","2008","S08000020","NHS Grampian",26020,25468,552,97.9,2.1,25468,552
2008-05-01,"May","2008","S08000022","NHS Highland",17114,16908,206,98.8,1.2,16908,206
2008-05-01,"May","2008","S08000024","NHS Lothian",40376,39326,1050,97.4,2.6,39326,1050
2008-05-01,"May","2008","S08000025","NHS Orkney",582,582,0,100,0,582,0
2008-05-01,"May","2008","S08000026","NHS Shetland",1626,1616,10,99.4,0.6,1616,10
2008-05-01,"May","2008","S08000028","NHS Western Isles",1790,1768,22,98.8,1.2,1768,22
2008-05-01,"May","2008","S08000029","NHS Fife",16370,15972,398,97.6,2.4,15972,398
2008-05-01,"May","2008","S08000030","NHS Tayside",17836,17720,116,99.3,0.7,17720,116
2008-05-01,"May","2008","S08000031","NHS Greater Glasgow and Clyde",81370,79888,1482,98.2,1.8,79888,1482
2008-05-01,"May","2008","S08000032","NHS Lanarkshire",35962,35256,706,98,2,35256,706
2008-06-01,"Jun","2008","S08000015","NHS Ayrshire and Arran",19370,19152,218,98.9,1.1,19152,218
2008-06-01,"Jun","2008","S08000016","NHS Borders",4374,4328,46,98.9,1.1,4328,46
2008-06-01,"Jun","2008","S08000017","NHS Dumfries and Galloway",8572,8424,148,98.3,1.7,8424,148
2008-06-01,"Jun","2008","S08000019","NHS Forth Valley",12354,12056,298,97.6,2.4,12056,298
2008-06-01,"Jun","2008","S08000020","NHS Grampian",24650,24272,378,98.5,1.5,24272,378
2008-06-01,"Jun","2008","S08000022","NHS Highland",17120,16896,224,98.7,1.3,16896,224
2008-06-01,"Jun","2008","S08000024","NHS Lothian",38688,37822,866,97.8,2.2,37822,866
2008-06-01,"Jun","2008","S08000025","NHS Orkney",500,500,0,100,0,500,0
2008-06-01,"Jun","2008","S08000026","NHS Shetland",1610,1602,8,99.5,0.5,1602,8
2008-06-01,"Jun","2008","S08000028","NHS Western Isles",1560,1546,14,99.1,0.9,1546,14
2008-06-01,"Jun","2008","S08000029","NHS Fife",15618,15272,346,97.8,2.2,15272,346
2008-06-01,"Jun","2008","S08000030","NHS Tayside",16402,16302,100,99.4,0.6,16302,100
2008-06-01,"Jun","2008","S08000031","NHS Greater Glasgow and Clyde",76624,75168,1456,98.1,1.9,75168,1456
2008-06-01,"Jun","2008","S08000032","NHS Lanarkshire",34064,33264,800,97.7,2.3,33264,800
2008-07-01,"Jul","2008","S08000015","NHS Ayrshire and Arran",19224,19004,220,98.9,1.1,19004,220
2008-07-01,"Jul","2008","S08000016","NHS Borders",4472,4444,28,99.4,0.6,4444,28
2008-07-01,"Jul","2008","S08000017","NHS Dumfries and Galloway",8418,8300,118,98.6,1.4,8300,118
2008-07-01,"Jul","2008","S08000019","NHS Forth Valley",12098,11858,240,98,2,11858,240
2008-07-01,"Jul","2008","S08000020","NHS Grampian",23908,23618,290,98.8,1.2,23618,290
2008-07-01,"Jul","2008","S08000022","NHS Highland",18286,18028,258,98.6,1.4,18028,258
2008-07-01,"Jul","2008","S08000024","NHS Lothian",37098,36298,800,97.8,2.2,36298,800
2008-07-01,"Jul","2008","S08000025","NHS Orkney",500,500,0,100,0,500,0
2008-07-01,"Jul","2008","S08000026","NHS Shetland",1578,1564,14,99.1,0.9,1564,14
2008-07-01,"Jul","2008","S08000028","NHS Western Isles",1620,1604,16,99,1,1604,16
2008-07-01,"Jul","2008","S08000029","NHS Fife",14770,14514,256,98.3,1.7,14514,256
2008-07-01,"Jul","2008","S08000030","NHS Tayside",16412,16310,102,99.4,0.6,16310,102
2008-07-01,"Jul","2008","S08000031","NHS Greater Glasgow and Clyde",75830,74652,1178,98.4,1.6,74652,1178
2008-07-01,"Jul","2008","S08000032","NHS Lanarkshire",32378,31970,408,98.7,1.3,31970,408
2008-08-01,"Aug","2008","S08000015","NHS Ayrshire and Arran",19502,19276,226,98.8,1.2,19276,226
2008-08-01,"Aug","2008","S08000016","NHS Borders",4514,4440,74,98.4,1.6,4440,74
2008-08-01,"Aug","2008","S08000017","NHS Dumfries and Galloway",8838,8712,126,98.6,1.4,8712,126
2008-08-01,"Aug","2008","S08000019","NHS Forth Valley",12608,12200,408,96.8,3.2,12200,408
2008-08-01,"Aug","2008","S08000020","NHS Grampian",24986,23968,1018,95.9,4.1,23968,1018
2008-08-01,"Aug","2008","S08000022","NHS Highland",18060,17840,220,98.8,1.2,17840,220
2008-08-01,"Aug","2008","S08000024","NHS Lothian",39248,38174,1074,97.3,2.7,38174,1074
2008-08-01,"Aug","2008","S08000025","NHS Orkney",468,468,0,100,0,468,0
2008-08-01,"Aug","2008","S08000026","NHS Shetland",1564,1540,24,98.5,1.5,1540,24
2008-08-01,"Aug","2008","S08000028","NHS Western Isles",1594,1576,18,98.9,1.1,1576,18
2008-08-01,"Aug","2008","S08000029","NHS Fife",15012,14622,390,97.4,2.6,14622,390
2008-08-01,"Aug","2008","S08000030","NHS Tayside",16968,16772,196,98.8,1.2,16772,196
2008-08-01,"Aug","2008","S08000031","NHS Greater Glasgow and Clyde",76666,75064,1602,97.9,2.1,75064,1602
2008-08-01,"Aug","2008","S08000032","NHS Lanarkshire",33048,32430,618,98.1,1.9,32430,618
2008-09-01,"Sep","2008","S08000015","NHS Ayrshire and Arran",18594,18388,206,98.9,1.1,18388,206
2008-09-01,"Sep","2008","S08000016","NHS Borders",4100,4018,82,98,2,4018,82
2008-09-01,"Sep","2008","S08000017","NHS Dumfries and Galloway",8090,7950,140,98.3,1.7,7950,140
2008-09-01,"Sep","2008","S08000019","NHS Forth Valley",12162,11832,330,97.3,2.7,11832,330
2008-09-01,"Sep","2008","S08000020","NHS Grampian",24082,23424,658,97.3,2.7,23424,658
2008-09-01,"Sep","2008","S08000022","NHS Highland",16512,16266,246,98.5,1.5,16266,246
2008-09-01,"Sep","2008","S08000024","NHS Lothian",38326,37548,778,98,2,37548,778
2008-09-01,"Sep","2008","S08000025","NHS Orkney",394,394,0,100,0,394,0
2008-09-01,"Sep","2008","S08000026","NHS Shetland",1568,1556,12,99.2,0.8,1556,12
2008-09-01,"Sep","2008","S08000028","NHS Western Isles",1452,1440,12,99.2,0.8,1440,12
2008-09-01,"Sep","2008","S08000029","NHS Fife",14512,14214,298,97.9,2.1,14214,298
2008-09-01,"Sep","2008","S08000030","NHS Tayside",16274,16142,132,99.2,0.8,16142,132
2008-09-01,"Sep","2008","S08000031","NHS Greater Glasgow and Clyde",75438,74108,1330,98.2,1.8,74108,1330
2008-09-01,"Sep","2008","S08000032","NHS Lanarkshire",32876,32258,618,98.1,1.9,32258,618
2008-10-01,"Oct","2008","S08000015","NHS Ayrshire and Arran",17598,17434,164,99.1,0.9,17434,164
2008-10-01,"Oct","2008","S08000016","NHS Borders",4002,3888,114,97.2,2.8,3888,114
2008-10-01,"Oct","2008","S08000017","NHS Dumfries and Galloway",7826,7728,98,98.7,1.3,7728,98
2008-10-01,"Oct","2008","S08000019","NHS Forth Valley",11690,11426,264,97.7,2.3,11426,264
2008-10-01,"Oct","2008","S08000020","NHS Grampian",21922,21294,628,97.1,2.9,21294,628
2008-10-01,"Oct","2008","S08000022","NHS Highland",14244,14040,204,98.6,1.4,14040,204
2008-10-01,"Oct","2008","S08000024","NHS Lothian",37658,36782,876,97.7,2.3,36782,876
2008-10-01,"Oct","2008","S08000025","NHS Orkney",388,388,0,100,0,388,0
2008-10-01,"Oct","2008","S08000026","NHS Shetland",1258,1258,0,100,0,1258,0
2008-10-01,"Oct","2008","S08000028","NHS Western Isles",1260,1238,22,98.3,1.7,1238,22
2008-10-01,"Oct","2008","S08000029","NHS Fife",13582,13356,226,98.3,1.7,13356,226
2008-10-01,"Oct","2008","S08000030","NHS Tayside",14896,14820,76,99.5,0.5,14820,76
2008-10-01,"Oct","2008","S08000031","NHS Greater Glasgow and Clyde",74312,72832,1480,98,2,72832,1480
2008-10-01,"Oct","2008","S08000032","NHS Lanarkshire",31146,30552,594,98.1,1.9,30552,594
2008-11-01,"Nov","2008","S08000015","NHS Ayrshire and Arran",17404,17096,308,98.2,1.8,17096,308
2008-11-01,"Nov","2008","S08000016","NHS Borders",4018,3950,68,98.3,1.7,3950,68
2008-11-01,"Nov","2008","S08000017","NHS Dumfries and Galloway",7820,7632,188,97.6,2.4,7632,188
2008-11-01,"Nov","2008","S08000019","NHS Forth Valley",11328,11116,212,98.1,1.9,11116,212
2008-11-01,"Nov","2008","S08000020","NHS Grampian",21814,21050,764,96.5,3.5,21050,764
2008-11-01,"Nov","2008","S08000022","NHS Highland",13566,13378,188,98.6,1.4,13378,188
2008-11-01,"Nov","2008","S08000024","NHS Lothian",37750,36748,1002,97.3,2.7,36748,1002
2008-11-01,"Nov","2008","S08000025","NHS Orkney",354,354,0,100,0,354,0
2008-11-01,"Nov","2008","S08000026","NHS Shetland",1294,1282,12,99.1,0.9,1282,12
2008-11-01,"Nov","2008","S08000028","NHS Western Isles",1182,1170,12,99,1,1170,12
2008-11-01,"Nov","2008","S08000029","NHS Fife",13132,12710,422,96.8,3.2,12710,422
2008-11-01,"Nov","2008","S08000030","NHS Tayside",14890,14770,120,99.2,0.8,14770,120
2008-11-01,"Nov","2008","S08000031","NHS Greater Glasgow and Clyde",73820,72158,1662,97.7,2.3,72158,1662
2008-11-01,"Nov","2008","S08000032","NHS Lanarkshire",31802,30948,854,97.3,2.7,30948,854
2008-12-01,"Dec","2008","S08000015","NHS Ayrshire and Arran",18152,17516,636,96.5,3.5,17516,636
2008-12-01,"Dec","2008","S08000016","NHS Borders",4278,4182,96,97.8,2.2,4182,96
2008-12-01,"Dec","2008","S08000017","NHS Dumfries and Galloway",7916,7758,158,98,2,7758,158
2008-12-01,"Dec","2008","S08000019","NHS Forth Valley",11244,10762,482,95.7,4.3,10762,482
2008-12-01,"Dec","2008","S08000020","NHS Grampian",23240,22066,1174,94.9,5.1,22066,1174
2008-12-01,"Dec","2008","S08000022","NHS Highland",14240,14012,228,98.4,1.6,14012,228
2008-12-01,"Dec","2008","S08000024","NHS Lothian",38074,36510,1564,95.9,4.1,36510,1564
2008-12-01,"Dec","2008","S08000025","NHS Orkney",502,500,2,99.6,0.4,500,2
2008-12-01,"Dec","2008","S08000026","NHS Shetland",1562,1552,10,99.4,0.6,1552,10
2008-12-01,"Dec","2008","S08000028","NHS Western Isles",1278,1268,10,99.2,0.8,1268,10
2008-12-01,"Dec","2008","S08000029","NHS Fife",13622,12860,762,94.4,5.6,12860,762
2008-12-01,"Dec","2008","S08000030","NHS Tayside",15842,15622,220,98.6,1.4,15622,220
2008-12-01,"Dec","2008","S08000031","NHS Greater Glasgow and Clyde",76510,74146,2364,96.9,3.1,74146,2364
2008-12-01,"Dec","2008","S08000032","NHS Lanarkshire",30316,29378,938,96.9,3.1,29378,938
2009-01-01,"Jan","2009","S08000015","NHS Ayrshire and Arran",17410,16580,830,95.2,4.8,16580,830
2009-01-01,"Jan","2009","S08000016","NHS Borders",4158,4042,116,97.2,2.8,4042,116
2009-01-01,"Jan","2009","S08000017","NHS Dumfries and Galloway",7936,7704,232,97.1,2.9,7704,232
2009-01-01,"Jan","2009","S08000019","NHS Forth Valley",10830,10526,304,97.2,2.8,10526,304
2009-01-01,"Jan","2009","S08000020","NHS Grampian",22660,21692,968,95.7,4.3,21692,968
2009-01-01,"Jan","2009","S08000022","NHS Highland",14110,13862,248,98.2,1.8,13862,248
2009-01-01,"Jan","2009","S08000024","NHS Lothian",35900,34426,1474,95.9,4.1,34426,1474
2009-01-01,"Jan","2009","S08000025","NHS Orkney",586,584,2,99.7,0.3,584,2
2009-01-01,"Jan","2009","S08000026","NHS Shetland",1528,1518,10,99.3,0.7,1518,10
2009-01-01,"Jan","2009","S08000028","NHS Western Isles",1216,1188,28,97.7,2.3,1188,28
2009-01-01,"Jan","2009","S08000029","NHS Fife",12804,12024,780,93.9,6.1,12024,780
2009-01-01,"Jan","2009","S08000030","NHS Tayside",15194,15046,148,99,1,15046,148
2009-01-01,"Jan","2009","S08000031","NHS Greater Glasgow and Clyde",72006,69500,2506,96.5,3.5,69500,2506
2009-01-01,"Jan","2009","S08000032","NHS Lanarkshire",31858,30774,1084,96.6,3.4,30774,1084
2009-02-01,"Feb","2009","S08000015","NHS Ayrshire and Arran",16220,15766,454,97.2,2.8,15766,454
2009-02-01,"Feb","2009","S08000016","NHS Borders",3688,3638,50,98.6,1.4,3638,50
2009-02-01,"Feb","2009","S08000017","NHS Dumfries and Galloway",7230,7018,212,97.1,2.9,7018,212
2009-02-01,"Feb","2009","S08000019","NHS Forth Valley",10736,10278,458,95.7,4.3,10278,458
2009-02-01,"Feb","2009","S08000020","NHS Grampian",20920,19980,940,95.5,4.5,19980,940
2009-02-01,"Feb","2009","S08000022","NHS Highland",12936,12766,170,98.7,1.3,12766,170
2009-02-01,"Feb","2009","S08000024","NHS Lothian",35096,34280,816,97.7,2.3,34280,816
2009-02-01,"Feb","2009","S08000025","NHS Orkney",486,486,0,100,0,486,0
2009-02-01,"Feb","2009","S08000026","NHS Shetland",1240,1238,2,99.8,0.2,1238,2
2009-02-01,"Feb","2009","S08000028","NHS Western Isles",1168,1148,20,98.3,1.7,1148,20
2009-02-01,"Feb","2009","S08000029","NHS Fife",12866,12208,658,94.9,5.1,12208,658
2009-02-01,"Feb","2009","S08000030","NHS Tayside",14162,13996,166,98.8,1.2,13996,166
2009-02-01,"Feb","2009","S08000031","NHS Greater Glasgow and Clyde",69454,67658,1796,97.4,2.6,67658,1796
2009-02-01,"Feb","2009","S08000032","NHS Lanarkshire",29154,28570,584,98,2,28570,584
2009-03-01,"Mar","2009","S08000015","NHS Ayrshire and Arran",19086,18534,552,97.1,2.9,18534,552
2009-03-01,"Mar","2009","S08000016","NHS Borders",4740,4636,104,97.8,2.2,4636,104
2009-03-01,"Mar","2009","S08000017","NHS Dumfries and Galloway",8476,8198,278,96.7,3.3,8198,278
2009-03-01,"Mar","2009","S08000019","NHS Forth Valley",12676,12292,384,97,3,12292,384
2009-03-01,"Mar","2009","S08000020","NHS Grampian",25170,24220,950,96.2,3.8,24220,950
2009-03-01,"Mar","2009","S08000022","NHS Highland",15576,15374,202,98.7,1.3,15374,202
2009-03-01,"Mar","2009","S08000024","NHS Lothian",41838,40970,868,97.9,2.1,40970,868
2009-03-01,"Mar","2009","S08000025","NHS Orkney",468,466,2,99.6,0.4,466,2
2009-03-01,"Mar","2009","S08000026","NHS Shetland",1670,1666,4,99.8,0.2,1666,4
2009-03-01,"Mar","2009","S08000028","NHS Western Isles",1422,1408,14,99,1,1408,14
2009-03-01,"Mar","2009","S08000029","NHS Fife",15274,14570,704,95.4,4.6,14570,704
2009-03-01,"Mar","2009","S08000030","NHS Tayside",17024,16860,164,99,1,16860,164
2009-03-01,"Mar","2009","S08000031","NHS Greater Glasgow and Clyde",81294,79536,1758,97.8,2.2,79536,1758
2009-03-01,"Mar","2009","S08000032","NHS Lanarkshire",36084,35642,442,98.8,1.2,35642,442
2009-04-01,"Apr","2009","S08000015","NHS Ayrshire and Arran",19246,18646,600,96.9,3.1,18646,600
2009-04-01,"Apr","2009","S08000016","NHS Borders",4506,4400,106,97.6,2.4,4400,106
2009-04-01,"Apr","2009","S08000017","NHS Dumfries and Galloway",8638,8422,216,97.5,2.5,8422,216
2009-04-01,"Apr","2009","S08000019","NHS Forth Valley",12254,11762,492,96,4,11762,492
2009-04-01,"Apr","2009","S08000020","NHS Grampian",23842,23200,642,97.3,2.7,23200,642
2009-04-01,"Apr","2009","S08000022","NHS Highland",16674,16462,212,98.7,1.3,16462,212
2009-04-01,"Apr","2009","S08000024","NHS Lothian",39810,38086,1724,95.7,4.3,38086,1724
2009-04-01,"Apr","2009","S08000025","NHS Orkney",558,558,0,100,0,558,0
2009-04-01,"Apr","2009","S08000026","NHS Shetland",1520,1514,6,99.6,0.4,1514,6
2009-04-01,"Apr","2009","S08000028","NHS Western Isles",1592,1574,18,98.9,1.1,1574,18
2009-04-01,"Apr","2009","S08000029","NHS Fife",15272,14668,604,96,4,14668,604
2009-04-01,"Apr","2009","S08000030","NHS Tayside",19216,19092,124,99.4,0.6,19092,124
2009-04-01,"Apr","2009","S08000031","NHS Greater Glasgow and Clyde",79126,76966,2160,97.3,2.7,76966,2160
2009-04-01,"Apr","2009","S08000032","NHS Lanarkshire",34952,34404,548,98.4,1.6,34404,548
2009-05-01,"May","2009","S08000015","NHS Ayrshire and Arran",20248,20056,192,99.1,0.9,20056,192
2009-05-01,"May","2009","S08000016","NHS Borders",4598,4502,96,97.9,2.1,4502,96
2009-05-01,"May","2009","S08000017","NHS Dumfries and Galloway",8980,8796,184,98,2,8796,184
2009-05-01,"May","2009","S08000019","NHS Forth Valley",13184,12746,438,96.7,3.3,12746,438
2009-05-01,"May","2009","S08000020","NHS Grampian",25664,24892,772,97,3,24892,772
2009-05-01,"May","2009","S08000022","NHS Highland",17562,17418,144,99.2,0.8,17418,144
2009-05-01,"May","2009","S08000024","NHS Lothian",41034,39638,1396,96.6,3.4,39638,1396
2009-05-01,"May","2009","S08000025","NHS Orkney",674,672,2,99.7,0.3,672,2
2009-05-01,"May","2009","S08000026","NHS Shetland",1574,1568,6,99.6,0.4,1568,6
2009-05-01,"May","2009","S08000028","NHS Western Isles",1544,1538,6,99.6,0.4,1538,6
2009-05-01,"May","2009","S08000029","NHS Fife",14720,14218,502,96.6,3.4,14218,502
2009-05-01,"May","2009","S08000030","NHS Tayside",19866,19716,150,99.2,0.8,19716,150
2009-05-01,"May","2009","S08000031","NHS Greater Glasgow and Clyde",81080,79394,1686,97.9,2.1,79394,1686
2009-05-01,"May","2009","S08000032","NHS Lanarkshire",35884,35212,672,98.1,1.9,35212,672
2009-06-01,"Jun","2009","S08000015","NHS Ayrshire and Arran",20140,19994,146,99.3,0.7,19994,146
2009-06-01,"Jun","2009","S08000016","NHS Borders",4332,4218,114,97.4,2.6,4218,114
2009-06-01,"Jun","2009","S08000017","NHS Dumfries and Galloway",8978,8760,218,97.6,2.4,8760,218
2009-06-01,"Jun","2009","S08000019","NHS Forth Valley",13068,12612,456,96.5,3.5,12612,456
2009-06-01,"Jun","2009","S08000020","NHS Grampian",24856,24320,536,97.8,2.2,24320,536
2009-06-01,"Jun","2009","S08000022","NHS Highland",17994,17830,164,99.1,0.9,17830,164
2009-06-01,"Jun","2009","S08000024","NHS Lothian",39480,38062,1418,96.4,3.6,38062,1418
2009-06-01,"Jun","2009","S08000025","NHS Orkney",720,718,2,99.7,0.3,718,2
2009-06-01,"Jun","2009","S08000026","NHS Shetland",1556,1552,4,99.7,0.3,1552,4
2009-06-01,"Jun","2009","S08000028","NHS Western Isles",1780,1770,10,99.4,0.6,1770,10
2009-06-01,"Jun","2009","S08000029","NHS Fife",15152,14698,454,97,3,14698,454
2009-06-01,"Jun","2009","S08000030","NHS Tayside",19266,19180,86,99.6,0.4,19180,86
2009-06-01,"Jun","2009","S08000031","NHS Greater Glasgow and Clyde",81862,80120,1742,97.9,2.1,80120,1742
2009-06-01,"Jun","2009","S08000032","NHS Lanarkshire",35640,35104,536,98.5,1.5,35104,536
2009-07-01,"Jul","2009","S08000015","NHS Ayrshire and Arran",19802,19658,144,99.3,0.7,19658,144
2009-07-01,"Jul","2009","S08000016","NHS Borders",4398,4322,76,98.3,1.7,4322,76
2009-07-01,"Jul","2009","S08000017","NHS Dumfries and Galloway",9026,8790,236,97.4,2.6,8790,236
2009-07-01,"Jul","2009","S08000019","NHS Forth Valley",12674,12076,598,95.3,4.7,12076,598
2009-07-01,"Jul","2009","S08000020","NHS Grampian",24770,24076,694,97.2,2.8,24076,694
2009-07-01,"Jul","2009","S08000022","NHS Highland",18614,18384,230,98.8,1.2,18384,230
2009-07-01,"Jul","2009","S08000024","NHS Lothian",37840,37000,840,97.8,2.2,37000,840
2009-07-01,"Jul","2009","S08000025","NHS Orkney",700,700,0,100,0,700,0
2009-07-01,"Jul","2009","S08000026","NHS Shetland",1650,1648,2,99.9,0.1,1648,2
2009-07-01,"Jul","2009","S08000028","NHS Western Isles",1718,1702,16,99.1,0.9,1702,16
2009-07-01,"Jul","2009","S08000029","NHS Fife",15094,14738,356,97.6,2.4,14738,356
2009-07-01,"Jul","2009","S08000030","NHS Tayside",19798,19664,134,99.3,0.7,19664,134
2009-07-01,"Jul","2009","S08000031","NHS Greater Glasgow and Clyde",79398,78142,1256,98.4,1.6,78142,1256
2009-07-01,"Jul","2009","S08000032","NHS Lanarkshire",33296,32896,400,98.8,1.2,32896,400
2009-08-01,"Aug","2009","S08000015","NHS Ayrshire and Arran",19122,18994,128,99.3,0.7,18994,128
2009-08-01,"Aug","2009","S08000016","NHS Borders",4582,4508,74,98.4,1.6,4508,74
2009-08-01,"Aug","2009","S08000017","NHS Dumfries and Galloway",8948,8650,298,96.7,3.3,8650,298
2009-08-01,"Aug","2009","S08000019","NHS Forth Valley",12780,12428,352,97.2,2.8,12428,352
2009-08-01,"Aug","2009","S08000020","NHS Grampian",25176,24434,742,97.1,2.9,24434,742
2009-08-01,"Aug","2009","S08000022","NHS Highland",18490,18224,266,98.6,1.4,18224,266
2009-08-01,"Aug","2009","S08000024","NHS Lothian",39810,38608,1202,97,3,38608,1202
2009-08-01,"Aug","2009","S08000025","NHS Orkney",664,658,6,99.1,0.9,658,6
2009-08-01,"Aug","2009","S08000026","NHS Shetland",1606,1598,8,99.5,0.5,1598,8
2009-08-01,"Aug","2009","S08000028","NHS Western Isles",1482,1472,10,99.3,0.7,1472,10
2009-08-01,"Aug","2009","S08000029","NHS Fife",15168,14804,364,97.6,2.4,14804,364
2009-08-01,"Aug","2009","S08000030","NHS Tayside",19662,19538,124,99.4,0.6,19538,124
2009-08-01,"Aug","2009","S08000031","NHS Greater Glasgow and Clyde",78402,76988,1414,98.2,1.8,76988,1414
2009-08-01,"Aug","2009","S08000032","NHS Lanarkshire",33538,33008,530,98.4,1.6,33008,530
2009-09-01,"Sep","2009","S08000015","NHS Ayrshire and Arran",18790,18632,158,99.2,0.8,18632,158
2009-09-01,"Sep","2009","S08000016","NHS Borders",4230,4134,96,97.7,2.3,4134,96
2009-09-01,"Sep","2009","S08000017","NHS Dumfries and Galloway",8478,8206,272,96.8,3.2,8206,272
2009-09-01,"Sep","2009","S08000019","NHS Forth Valley",12818,12502,316,97.5,2.5,12502,316
2009-09-01,"Sep","2009","S08000020","NHS Grampian",25220,24472,748,97,3,24472,748
2009-09-01,"Sep","2009","S08000022","NHS Highland",15822,15600,222,98.6,1.4,15600,222
2009-09-01,"Sep","2009","S08000024","NHS Lothian",39096,37792,1304,96.7,3.3,37792,1304
2009-09-01,"Sep","2009","S08000025","NHS Orkney",612,612,0,100,0,612,0
2009-09-01,"Sep","2009","S08000026","NHS Shetland",1358,1348,10,99.3,0.7,1348,10
2009-09-01,"Sep","2009","S08000028","NHS Western Isles",1416,1400,16,98.9,1.1,1400,16
2009-09-01,"Sep","2009","S08000029","NHS Fife",14910,14660,250,98.3,1.7,14660,250
2009-09-01,"Sep","2009","S08000030","NHS Tayside",19262,19180,82,99.6,0.4,19180,82
2009-09-01,"Sep","2009","S08000031","NHS Greater Glasgow and Clyde",78918,77302,1616,98,2,77302,1616
2009-09-01,"Sep","2009","S08000032","NHS Lanarkshire",33400,32894,506,98.5,1.5,32894,506
2009-10-01,"Oct","2009","S08000015","NHS Ayrshire and Arran",18790,18348,442,97.6,2.4,18348,442
2009-10-01,"Oct","2009","S08000016","NHS Borders",4080,3990,90,97.8,2.2,3990,90
2009-10-01,"Oct","2009","S08000017","NHS Dumfries and Galloway",8170,7930,240,97.1,2.9,7930,240
2009-10-01,"Oct","2009","S08000019","NHS Forth Valley",12446,12124,322,97.4,2.6,12124,322
2009-10-01,"Oct","2009","S08000020","NHS Grampian",22418,21806,612,97.3,2.7,21806,612
2009-10-01,"Oct","2009","S08000022","NHS Highland",14576,14378,198,98.6,1.4,14378,198
2009-10-01,"Oct","2009","S08000024","NHS Lothian",40106,38438,1668,95.8,4.2,38438,1668
2009-10-01,"Oct","2009","S08000025","NHS Orkney",392,392,0,100,0,392,0
2009-10-01,"Oct","2009","S08000026","NHS Shetland",1320,1304,16,98.8,1.2,1304,16
2009-10-01,"Oct","2009","S08000028","NHS Western Isles",1290,1274,16,98.8,1.2,1274,16
2009-10-01,"Oct","2009","S08000029","NHS Fife",14314,13894,420,97.1,2.9,13894,420
2009-10-01,"Oct","2009","S08000030","NHS Tayside",18514,18414,100,99.5,0.5,18414,100
2009-10-01,"Oct","2009","S08000031","NHS Greater Glasgow and Clyde",78990,77090,1900,97.6,2.4,77090,1900
2009-10-01,"Oct","2009","S08000032","NHS Lanarkshire",32590,31688,902,97.2,2.8,31688,902
2009-11-01,"Nov","2009","S08000015","NHS Ayrshire and Arran",17766,17450,316,98.2,1.8,17450,316
2009-11-01,"Nov","2009","S08000016","NHS Borders",3988,3918,70,98.2,1.8,3918,70
2009-11-01,"Nov","2009","S08000017","NHS Dumfries and Galloway",7796,7566,230,97,3,7566,230
2009-11-01,"Nov","2009","S08000019","NHS Forth Valley",11682,11306,376,96.8,3.2,11306,376
2009-11-01,"Nov","2009","S08000020","NHS Grampian",22796,22276,520,97.7,2.3,22276,520
2009-11-01,"Nov","2009","S08000022","NHS Highland",13654,13480,174,98.7,1.3,13480,174
2009-11-01,"Nov","2009","S08000024","NHS Lothian",38442,36914,1528,96,4,36914,1528
2009-11-01,"Nov","2009","S08000025","NHS Orkney",444,442,2,99.5,0.5,442,2
2009-11-01,"Nov","2009","S08000026","NHS Shetland",1368,1362,6,99.6,0.4,1362,6
2009-11-01,"Nov","2009","S08000028","NHS Western Isles",1306,1262,44,96.6,3.4,1262,44
2009-11-01,"Nov","2009","S08000029","NHS Fife",13596,13224,372,97.3,2.7,13224,372
2009-11-01,"Nov","2009","S08000030","NHS Tayside",17998,17868,130,99.3,0.7,17868,130
2009-11-01,"Nov","2009","S08000031","NHS Greater Glasgow and Clyde",77906,75580,2326,97,3,75580,2326
2009-11-01,"Nov","2009","S08000032","NHS Lanarkshire",31178,30524,654,97.9,2.1,30524,654
2009-12-01,"Dec","2009","S08000015","NHS Ayrshire and Arran",18406,18132,274,98.5,1.5,18132,274
2009-12-01,"Dec","2009","S08000016","NHS Borders",4048,3904,144,96.4,3.6,3904,144
2009-12-01,"Dec","2009","S08000017","NHS Dumfries and Galloway",8220,7810,410,95,5,7810,410
2009-12-01,"Dec","2009","S08000019","NHS Forth Valley",11682,11292,390,96.7,3.3,11292,390
2009-12-01,"Dec","2009","S08000020","NHS Grampian",23016,22406,610,97.3,2.7,22406,610
2009-12-01,"Dec","2009","S08000022","NHS Highland",13762,13562,200,98.5,1.5,13562,200
2009-12-01,"Dec","2009","S08000024","NHS Lothian",38694,36648,2046,94.7,5.3,36648,2046
2009-12-01,"Dec","2009","S08000025","NHS Orkney",548,546,2,99.6,0.4,546,2
2009-12-01,"Dec","2009","S08000026","NHS Shetland",1360,1354,6,99.6,0.4,1354,6
2009-12-01,"Dec","2009","S08000028","NHS Western Isles",1264,1248,16,98.7,1.3,1248,16
2009-12-01,"Dec","2009","S08000029","NHS Fife",13662,13228,434,96.8,3.2,13228,434
2009-12-01,"Dec","2009","S08000030","NHS Tayside",18084,17942,142,99.2,0.8,17942,142
2009-12-01,"Dec","2009","S08000031","NHS Greater Glasgow and Clyde",75052,72978,2074,97.2,2.8,72978,2074
2009-12-01,"Dec","2009","S08000032","NHS Lanarkshire",31382,30810,572,98.2,1.8,30810,572
2010-01-01,"Jan","2010","S08000015","NHS Ayrshire and Arran",17710,17124,586,96.7,3.3,17124,586
2010-01-01,"Jan","2010","S08000016","NHS Borders",3524,3414,110,96.9,3.1,3414,110
2010-01-01,"Jan","2010","S08000017","NHS Dumfries and Galloway",8234,7824,410,95,5,7824,410
2010-01-01,"Jan","2010","S08000019","NHS Forth Valley",11784,11234,550,95.3,4.7,11234,550
2010-01-01,"Jan","2010","S08000020","NHS Grampian",21026,20342,684,96.7,3.3,20342,684
2010-01-01,"Jan","2010","S08000022","NHS Highland",13558,13258,300,97.8,2.2,13258,300
2010-01-01,"Jan","2010","S08000024","NHS Lothian",36772,33778,2994,91.9,8.1,33778,2994
2010-01-01,"Jan","2010","S08000025","NHS Orkney",470,466,4,99.1,0.9,466,4
2010-01-01,"Jan","2010","S08000026","NHS Shetland",1296,1290,6,99.5,0.5,1290,6
2010-01-01,"Jan","2010","S08000028","NHS Western Isles",1278,1254,24,98.1,1.9,1254,24
2010-01-01,"Jan","2010","S08000029","NHS Fife",13574,13170,404,97,3,13170,404
2010-01-01,"Jan","2010","S08000030","NHS Tayside",17172,16998,174,99,1,16998,174
2010-01-01,"Jan","2010","S08000031","NHS Greater Glasgow and Clyde",75636,72210,3426,95.5,4.5,72210,3426
2010-01-01,"Jan","2010","S08000032","NHS Lanarkshire",29568,29160,408,98.6,1.4,29160,408
2010-02-01,"Feb","2010","S08000015","NHS Ayrshire and Arran",16462,15884,578,96.5,3.5,15884,578
2010-02-01,"Feb","2010","S08000016","NHS Borders",3610,3360,250,93.1,6.9,3360,250
2010-02-01,"Feb","2010","S08000017","NHS Dumfries and Galloway",7170,6858,312,95.6,4.4,6858,312
2010-02-01,"Feb","2010","S08000019","NHS Forth Valley",10602,10136,466,95.6,4.4,10136,466
2010-02-01,"Feb","2010","S08000020","NHS Grampian",20536,19788,748,96.4,3.6,19788,748
2010-02-01,"Feb","2010","S08000022","NHS Highland",12378,12064,314,97.5,2.5,12064,314
2010-02-01,"Feb","2010","S08000024","NHS Lothian",34530,32218,2312,93.3,6.7,32218,2312
2010-02-01,"Feb","2010","S08000025","NHS Orkney",416,410,6,98.6,1.4,410,6
2010-02-01,"Feb","2010","S08000026","NHS Shetland",1174,1168,6,99.5,0.5,1168,6
2010-02-01,"Feb","2010","S08000028","NHS Western Isles",1042,1030,12,98.8,1.2,1030,12
2010-02-01,"Feb","2010","S08000029","NHS Fife",12440,11916,524,95.8,4.2,11916,524
2010-02-01,"Feb","2010","S08000030","NHS Tayside",15758,15622,136,99.1,0.9,15622,136
2010-02-01,"Feb","2010","S08000031","NHS Greater Glasgow and Clyde",68870,66386,2484,96.4,3.6,66386,2484
2010-02-01,"Feb","2010","S08000032","NHS Lanarkshire",28100,27838,262,99.1,0.9,27838,262
2010-03-01,"Mar","2010","S08000015","NHS Ayrshire and Arran",19784,19146,638,96.8,3.2,19146,638
2010-03-01,"Mar","2010","S08000016","NHS Borders",4264,4140,124,97.1,2.9,4140,124
2010-03-01,"Mar","2010","S08000017","NHS Dumfries and Galloway",8422,8070,352,95.8,4.2,8070,352
2010-03-01,"Mar","2010","S08000019","NHS Forth Valley",12578,12146,432,96.6,3.4,12146,432
2010-03-01,"Mar","2010","S08000020","NHS Grampian",24138,23498,640,97.3,2.7,23498,640
2010-03-01,"Mar","2010","S08000022","NHS Highland",14174,13936,238,98.3,1.7,13936,238
2010-03-01,"Mar","2010","S08000024","NHS Lothian",41246,38636,2610,93.7,6.3,38636,2610
2010-03-01,"Mar","2010","S08000025","NHS Orkney",452,452,0,100,0,452,0
2010-03-01,"Mar","2010","S08000026","NHS Shetland",1362,1358,4,99.7,0.3,1358,4
2010-03-01,"Mar","2010","S08000028","NHS Western Isles",1264,1256,8,99.4,0.6,1256,8
2010-03-01,"Mar","2010","S08000029","NHS Fife",14700,14300,400,97.3,2.7,14300,400
2010-03-01,"Mar","2010","S08000030","NHS Tayside",18440,18298,142,99.2,0.8,18298,142
2010-03-01,"Mar","2010","S08000031","NHS Greater Glasgow and Clyde",82238,78598,3640,95.6,4.4,78598,3640
2010-03-01,"Mar","2010","S08000032","NHS Lanarkshire",32328,31910,418,98.7,1.3,31910,418
2010-04-01,"Apr","2010","S08000015","NHS Ayrshire and Arran",19418,19012,406,97.9,2.1,19012,406
2010-04-01,"Apr","2010","S08000016","NHS Borders",4234,4198,36,99.1,0.9,4198,36
2010-04-01,"Apr","2010","S08000017","NHS Dumfries and Galloway",8838,8428,410,95.4,4.6,8428,410
2010-04-01,"Apr","2010","S08000019","NHS Forth Valley",12900,12300,600,95.3,4.7,12300,600
2010-04-01,"Apr","2010","S08000020","NHS Grampian",24194,23568,626,97.4,2.6,23568,626
2010-04-01,"Apr","2010","S08000022","NHS Highland",15480,15266,214,98.6,1.4,15266,214
2010-04-01,"Apr","2010","S08000024","NHS Lothian",39166,37202,1964,95,5,37202,1964
2010-04-01,"Apr","2010","S08000025","NHS Orkney",446,446,0,100,0,446,0
2010-04-01,"Apr","2010","S08000026","NHS Shetland",1284,1282,2,99.8,0.2,1282,2
2010-04-01,"Apr","2010","S08000028","NHS Western Isles",1300,1294,6,99.5,0.5,1294,6
2010-04-01,"Apr","2010","S08000029","NHS Fife",14716,14262,454,96.9,3.1,14262,454
2010-04-01,"Apr","2010","S08000030","NHS Tayside",19236,19142,94,99.5,0.5,19142,94
2010-04-01,"Apr","2010","S08000031","NHS Greater Glasgow and Clyde",78698,76122,2576,96.7,3.3,76122,2576
2010-04-01,"Apr","2010","S08000032","NHS Lanarkshire",33096,32676,420,98.7,1.3,32676,420
2010-05-01,"May","2010","S08000015","NHS Ayrshire and Arran",21116,20704,412,98,2,20704,412
2010-05-01,"May","2010","S08000016","NHS Borders",4630,4562,68,98.5,1.5,4562,68
2010-05-01,"May","2010","S08000017","NHS Dumfries and Galloway",9218,8722,496,94.6,5.4,8722,496
2010-05-01,"May","2010","S08000019","NHS Forth Valley",14334,13594,740,94.8,5.2,13594,740
2010-05-01,"May","2010","S08000020","NHS Grampian",25692,25414,278,98.9,1.1,25414,278
2010-05-01,"May","2010","S08000022","NHS Highland",18274,18030,244,98.7,1.3,18030,244
2010-05-01,"May","2010","S08000024","NHS Lothian",42512,40968,1544,96.4,3.6,40968,1544
2010-05-01,"May","2010","S08000025","NHS Orkney",642,638,4,99.4,0.6,638,4
2010-05-01,"May","2010","S08000026","NHS Shetland",1608,1608,0,100,0,1608,0
2010-05-01,"May","2010","S08000028","NHS Western Isles",1392,1380,12,99.1,0.9,1380,12
2010-05-01,"May","2010","S08000029","NHS Fife",16352,15604,748,95.4,4.6,15604,748
2010-05-01,"May","2010","S08000030","NHS Tayside",21474,21176,298,98.6,1.4,21176,298
2010-05-01,"May","2010","S08000031","NHS Greater Glasgow and Clyde",86044,83310,2734,96.8,3.2,83310,2734
2010-05-01,"May","2010","S08000032","NHS Lanarkshire",35772,35082,690,98.1,1.9,35082,690
2010-06-01,"Jun","2010","S08000015","NHS Ayrshire and Arran",20418,20030,388,98.1,1.9,20030,388
2010-06-01,"Jun","2010","S08000016","NHS Borders",4496,4414,82,98.2,1.8,4414,82
2010-06-01,"Jun","2010","S08000017","NHS Dumfries and Galloway",9024,8694,330,96.3,3.7,8694,330
2010-06-01,"Jun","2010","S08000019","NHS Forth Valley",13420,12782,638,95.2,4.8,12782,638
2010-06-01,"Jun","2010","S08000020","NHS Grampian",25054,24798,256,99,1,24798,256
2010-06-01,"Jun","2010","S08000022","NHS Highland",18124,17944,180,99,1,17944,180
2010-06-01,"Jun","2010","S08000024","NHS Lothian",40486,38606,1880,95.4,4.6,38606,1880
2010-06-01,"Jun","2010","S08000025","NHS Orkney",602,600,2,99.7,0.3,600,2
2010-06-01,"Jun","2010","S08000026","NHS Shetland",1638,1626,12,99.3,0.7,1626,12
2010-06-01,"Jun","2010","S08000028","NHS Western Isles",1446,1444,2,99.9,0.1,1444,2
2010-06-01,"Jun","2010","S08000029","NHS Fife",15656,15028,628,96,4,15028,628
2010-06-01,"Jun","2010","S08000030","NHS Tayside",19888,19750,138,99.3,0.7,19750,138
2010-06-01,"Jun","2010","S08000031","NHS Greater Glasgow and Clyde",81872,79516,2356,97.1,2.9,79516,2356
2010-06-01,"Jun","2010","S08000032","NHS Lanarkshire",33760,33214,546,98.4,1.6,33214,546
2010-07-01,"Jul","2010","S08000015","NHS Ayrshire and Arran",19524,19110,414,97.9,2.1,19110,414
2010-07-01,"Jul","2010","S08000016","NHS Borders",4284,4244,40,99.1,0.9,4244,40
2010-07-01,"Jul","2010","S08000017","NHS Dumfries and Galloway",8682,8376,306,96.5,3.5,8376,306
2010-07-01,"Jul","2010","S08000019","NHS Forth Valley",12350,12032,318,97.4,2.6,12032,318
2010-07-01,"Jul","2010","S08000020","NHS Grampian",23566,23362,204,99.1,0.9,23362,204
2010-07-01,"Jul","2010","S08000022","NHS Highland",17492,17332,160,99.1,0.9,17332,160
2010-07-01,"Jul","2010","S08000024","NHS Lothian",37636,36400,1236,96.7,3.3,36400,1236
2010-07-01,"Jul","2010","S08000025","NHS Orkney",586,582,4,99.3,0.7,582,4
2010-07-01,"Jul","2010","S08000026","NHS Shetland",1454,1450,4,99.7,0.3,1450,4
2010-07-01,"Jul","2010","S08000028","NHS Western Isles",1532,1520,12,99.2,0.8,1520,12
2010-07-01,"Jul","2010","S08000029","NHS Fife",14662,14056,606,95.9,4.1,14056,606
2010-07-01,"Jul","2010","S08000030","NHS Tayside",19388,19258,130,99.3,0.7,19258,130
2010-07-01,"Jul","2010","S08000031","NHS Greater Glasgow and Clyde",76096,74436,1660,97.8,2.2,74436,1660
2010-07-01,"Jul","2010","S08000032","NHS Lanarkshire",31912,31252,660,97.9,2.1,31252,660
2010-08-01,"Aug","2010","S08000015","NHS Ayrshire and Arran",21202,20264,938,95.6,4.4,20264,938
2010-08-01,"Aug","2010","S08000016","NHS Borders",4448,4370,78,98.2,1.8,4370,78
2010-08-01,"Aug","2010","S08000017","NHS Dumfries and Galloway",9104,8754,350,96.2,3.8,8754,350
2010-08-01,"Aug","2010","S08000019","NHS Forth Valley",13642,13278,364,97.3,2.7,13278,364
2010-08-01,"Aug","2010","S08000020","NHS Grampian",24934,24448,486,98.1,1.9,24448,486
2010-08-01,"Aug","2010","S08000022","NHS Highland",18480,18180,300,98.4,1.6,18180,300
2010-08-01,"Aug","2010","S08000024","NHS Lothian",41654,39530,2124,94.9,5.1,39530,2124
2010-08-01,"Aug","2010","S08000025","NHS Orkney",596,582,14,97.7,2.3,582,14
2010-08-01,"Aug","2010","S08000026","NHS Shetland",1420,1414,6,99.6,0.4,1414,6
2010-08-01,"Aug","2010","S08000028","NHS Western Isles",1448,1430,18,98.8,1.2,1430,18
2010-08-01,"Aug","2010","S08000029","NHS Fife",15118,14416,702,95.4,4.6,14416,702
2010-08-01,"Aug","2010","S08000030","NHS Tayside",20378,20120,258,98.7,1.3,20120,258
2010-08-01,"Aug","2010","S08000031","NHS Greater Glasgow and Clyde",82326,79962,2364,97.1,2.9,79962,2364
2010-08-01,"Aug","2010","S08000032","NHS Lanarkshire",33956,33182,774,97.7,2.3,33182,774
2010-09-01,"Sep","2010","S08000015","NHS Ayrshire and Arran",19408,18872,536,97.2,2.8,18872,536
2010-09-01,"Sep","2010","S08000016","NHS Borders",4312,4244,68,98.4,1.6,4244,68
2010-09-01,"Sep","2010","S08000017","NHS Dumfries and Galloway",8154,7808,346,95.8,4.2,7808,346
2010-09-01,"Sep","2010","S08000019","NHS Forth Valley",12888,12128,760,94.1,5.9,12128,760
2010-09-01,"Sep","2010","S08000020","NHS Grampian",24320,23940,380,98.4,1.6,23940,380
2010-09-01,"Sep","2010","S08000022","NHS Highland",16186,15974,212,98.7,1.3,15974,212
2010-09-01,"Sep","2010","S08000024","NHS Lothian",40276,38824,1452,96.4,3.6,38824,1452
2010-09-01,"Sep","2010","S08000025","NHS Orkney",578,578,0,100,0,578,0
2010-09-01,"Sep","2010","S08000026","NHS Shetland",1426,1424,2,99.9,0.1,1424,2
2010-09-01,"Sep","2010","S08000028","NHS Western Isles",1410,1386,24,98.3,1.7,1386,24
2010-09-01,"Sep","2010","S08000029","NHS Fife",14836,14080,756,94.9,5.1,14080,756
2010-09-01,"Sep","2010","S08000030","NHS Tayside",19186,18984,202,98.9,1.1,18984,202
2010-09-01,"Sep","2010","S08000031","NHS Greater Glasgow and Clyde",77876,75598,2278,97.1,2.9,75598,2278
2010-09-01,"Sep","2010","S08000032","NHS Lanarkshire",32404,31538,866,97.3,2.7,31538,866
2010-10-01,"Oct","2010","S08000015","NHS Ayrshire and Arran",18838,18466,372,98,2,18466,372
2010-10-01,"Oct","2010","S08000016","NHS Borders",4238,4156,82,98.1,1.9,4156,82
2010-10-01,"Oct","2010","S08000017","NHS Dumfries and Galloway",7590,7318,272,96.4,3.6,7318,272
2010-10-01,"Oct","2010","S08000019","NHS Forth Valley",12300,11536,764,93.8,6.2,11536,764
2010-10-01,"Oct","2010","S08000020","NHS Grampian",22970,22678,292,98.7,1.3,22678,292
2010-10-01,"Oct","2010","S08000022","NHS Highland",14638,14314,324,97.8,2.2,14314,324
2010-10-01,"Oct","2010","S08000024","NHS Lothian",39776,38466,1310,96.7,3.3,38466,1310
2010-10-01,"Oct","2010","S08000025","NHS Orkney",592,590,2,99.7,0.3,590,2
2010-10-01,"Oct","2010","S08000026","NHS Shetland",1388,1380,8,99.4,0.6,1380,8
2010-10-01,"Oct","2010","S08000028","NHS Western Isles",1330,1312,18,98.6,1.4,1312,18
2010-10-01,"Oct","2010","S08000029","NHS Fife",13956,13480,476,96.6,3.4,13480,476
2010-10-01,"Oct","2010","S08000030","NHS Tayside",19144,19006,138,99.3,0.7,19006,138
2010-10-01,"Oct","2010","S08000031","NHS Greater Glasgow and Clyde",75770,72564,3206,95.8,4.2,72564,3206
2010-10-01,"Oct","2010","S08000032","NHS Lanarkshire",31264,29988,1276,95.9,4.1,29988,1276
2010-11-01,"Nov","2010","S08000015","NHS Ayrshire and Arran",17620,17272,348,98,2,17272,348
2010-11-01,"Nov","2010","S08000016","NHS Borders",3792,3674,118,96.9,3.1,3674,118
2010-11-01,"Nov","2010","S08000017","NHS Dumfries and Galloway",7352,7082,270,96.3,3.7,7082,270
2010-11-01,"Nov","2010","S08000019","NHS Forth Valley",10848,10142,706,93.5,6.5,10142,706
2010-11-01,"Nov","2010","S08000020","NHS Grampian",21600,21082,518,97.6,2.4,21082,518
2010-11-01,"Nov","2010","S08000022","NHS Highland",13136,12896,240,98.2,1.8,12896,240
2010-11-01,"Nov","2010","S08000024","NHS Lothian",37156,36200,956,97.4,2.6,36200,956
2010-11-01,"Nov","2010","S08000025","NHS Orkney",376,376,0,100,0,376,0
2010-11-01,"Nov","2010","S08000026","NHS Shetland",1216,1216,0,100,0,1216,0
2010-11-01,"Nov","2010","S08000028","NHS Western Isles",1160,1136,24,97.9,2.1,1136,24
2010-11-01,"Nov","2010","S08000029","NHS Fife",12502,11740,762,93.9,6.1,11740,762
2010-11-01,"Nov","2010","S08000030","NHS Tayside",16622,16512,110,99.3,0.7,16512,110
2010-11-01,"Nov","2010","S08000031","NHS Greater Glasgow and Clyde",73486,69214,4272,94.2,5.8,69214,4272
2010-11-01,"Nov","2010","S08000032","NHS Lanarkshire",29172,27994,1178,96,4,27994,1178
2010-12-01,"Dec","2010","S08000015","NHS Ayrshire and Arran",18036,17638,398,97.8,2.2,17638,398
2010-12-01,"Dec","2010","S08000016","NHS Borders",3928,3712,216,94.5,5.5,3712,216
2010-12-01,"Dec","2010","S08000017","NHS Dumfries and Galloway",7544,7164,380,95,5,7164,380
2010-12-01,"Dec","2010","S08000019","NHS Forth Valley",11390,10336,1054,90.7,9.3,10336,1054
2010-12-01,"Dec","2010","S08000020","NHS Grampian",20856,20274,582,97.2,2.8,20274,582
2010-12-01,"Dec","2010","S08000022","NHS Highland",13194,12974,220,98.3,1.7,12974,220
2010-12-01,"Dec","2010","S08000024","NHS Lothian",36390,33964,2426,93.3,6.7,33964,2426
2010-12-01,"Dec","2010","S08000025","NHS Orkney",430,422,8,98.1,1.9,422,8
2010-12-01,"Dec","2010","S08000026","NHS Shetland",1346,1342,4,99.7,0.3,1342,4
2010-12-01,"Dec","2010","S08000028","NHS Western Isles",1214,1184,30,97.5,2.5,1184,30
2010-12-01,"Dec","2010","S08000029","NHS Fife",12816,11484,1332,89.6,10.4,11484,1332
2010-12-01,"Dec","2010","S08000030","NHS Tayside",16460,16272,188,98.9,1.1,16272,188
2010-12-01,"Dec","2010","S08000031","NHS Greater Glasgow and Clyde",72040,67484,4556,93.7,6.3,67484,4556
2010-12-01,"Dec","2010","S08000032","NHS Lanarkshire",27904,26712,1192,95.7,4.3,26712,1192
2011-01-01,"Jan","2011","S08000015","NHS Ayrshire and Arran",19414,18282,1132,94.2,5.8,18282,1132
2011-01-01,"Jan","2011","S08000016","NHS Borders",4504,4336,168,96.3,3.7,4336,168
2011-01-01,"Jan","2011","S08000017","NHS Dumfries and Galloway",8160,7760,400,95.1,4.9,7760,400
2011-01-01,"Jan","2011","S08000019","NHS Forth Valley",11978,10718,1260,89.5,10.5,10718,1260
2011-01-01,"Jan","2011","S08000020","NHS Grampian",23768,23018,750,96.8,3.2,23018,750
2011-01-01,"Jan","2011","S08000022","NHS Highland",14078,13812,266,98.1,1.9,13812,266
2011-01-01,"Jan","2011","S08000024","NHS Lothian",39324,37584,1740,95.6,4.4,37584,1740
2011-01-01,"Jan","2011","S08000025","NHS Orkney",434,434,0,100,0,434,0
2011-01-01,"Jan","2011","S08000026","NHS Shetland",1384,1370,14,99,1,1370,14
2011-01-01,"Jan","2011","S08000028","NHS Western Isles",1220,1198,22,98.2,1.8,1198,22
2011-01-01,"Jan","2011","S08000029","NHS Fife",14470,13048,1422,90.2,9.8,13048,1422
2011-01-01,"Jan","2011","S08000030","NHS Tayside",19412,19172,240,98.8,1.2,19172,240
2011-01-01,"Jan","2011","S08000031","NHS Greater Glasgow and Clyde",77494,70546,6948,91,9,70546,6948
2011-01-01,"Jan","2011","S08000032","NHS Lanarkshire",31742,29130,2612,91.8,8.2,29130,2612
2011-02-01,"Feb","2011","S08000015","NHS Ayrshire and Arran",17106,16244,862,95,5,16244,862
2011-02-01,"Feb","2011","S08000016","NHS Borders",3554,3458,96,97.3,2.7,3458,96
2011-02-01,"Feb","2011","S08000017","NHS Dumfries and Galloway",7120,6800,320,95.5,4.5,6800,320
2011-02-01,"Feb","2011","S08000019","NHS Forth Valley",10714,9892,822,92.3,7.7,9892,822
2011-02-01,"Feb","2011","S08000020","NHS Grampian",20648,20264,384,98.1,1.9,20264,384
2011-02-01,"Feb","2011","S08000022","NHS Highland",12930,12768,162,98.7,1.3,12768,162
2011-02-01,"Feb","2011","S08000024","NHS Lothian",36646,35592,1054,97.1,2.9,35592,1054
2011-02-01,"Feb","2011","S08000025","NHS Orkney",326,324,2,99.4,0.6,324,2
2011-02-01,"Feb","2011","S08000026","NHS Shetland",1204,1200,4,99.7,0.3,1200,4
2011-02-01,"Feb","2011","S08000028","NHS Western Isles",1144,1102,42,96.3,3.7,1102,42
2011-02-01,"Feb","2011","S08000029","NHS Fife",12600,11696,904,92.8,7.2,11696,904
2011-02-01,"Feb","2011","S08000030","NHS Tayside",16286,16184,102,99.4,0.6,16184,102
2011-02-01,"Feb","2011","S08000031","NHS Greater Glasgow and Clyde",70344,64550,5794,91.8,8.2,64550,5794
2011-02-01,"Feb","2011","S08000032","NHS Lanarkshire",28656,27156,1500,94.8,5.2,27156,1500
2011-03-01,"Mar","2011","S08000015","NHS Ayrshire and Arran",20076,19336,740,96.3,3.7,19336,740
2011-03-01,"Mar","2011","S08000016","NHS Borders",4550,4410,140,96.9,3.1,4410,140
2011-03-01,"Mar","2011","S08000017","NHS Dumfries and Galloway",7644,7318,326,95.7,4.3,7318,326
2011-03-01,"Mar","2011","S08000019","NHS Forth Valley",12448,11670,778,93.8,6.2,11670,778
2011-03-01,"Mar","2011","S08000020","NHS Grampian",24300,23820,480,98,2,23820,480
2011-03-01,"Mar","2011","S08000022","NHS Highland",14772,14588,184,98.8,1.2,14588,184
2011-03-01,"Mar","2011","S08000024","NHS Lothian",42490,41324,1166,97.3,2.7,41324,1166
2011-03-01,"Mar","2011","S08000025","NHS Orkney",504,502,2,99.6,0.4,502,2
2011-03-01,"Mar","2011","S08000026","NHS Shetland",1370,1368,2,99.9,0.1,1368,2
2011-03-01,"Mar","2011","S08000028","NHS Western Isles",1298,1262,36,97.2,2.8,1262,36
2011-03-01,"Mar","2011","S08000029","NHS Fife",15028,14042,986,93.4,6.6,14042,986
2011-03-01,"Mar","2011","S08000030","NHS Tayside",18064,17880,184,99,1,17880,184
2011-03-01,"Mar","2011","S08000031","NHS Greater Glasgow and Clyde",79870,74806,5064,93.7,6.3,74806,5064
2011-03-01,"Mar","2011","S08000032","NHS Lanarkshire",33566,30810,2756,91.8,8.2,30810,2756
2011-04-01,"Apr","2011","S08000015","NHS Ayrshire and Arran",20466,19928,538,97.4,2.6,19928,538
2011-04-01,"Apr","2011","S08000016","NHS Borders",4482,4422,60,98.7,1.3,4422,60
2011-04-01,"Apr","2011","S08000017","NHS Dumfries and Galloway",8298,7962,336,96,4,7962,336
2011-04-01,"Apr","2011","S08000019","NHS Forth Valley",12708,12106,602,95.3,4.7,12106,602
2011-04-01,"Apr","2011","S08000020","NHS Grampian",25058,24596,462,98.2,1.8,24596,462
2011-04-01,"Apr","2011","S08000022","NHS Highland",16878,16680,198,98.8,1.2,16680,198
2011-04-01,"Apr","2011","S08000024","NHS Lothian",41068,39802,1266,96.9,3.1,39802,1266
2011-04-01,"Apr","2011","S08000025","NHS Orkney",524,520,4,99.2,0.8,520,4
2011-04-01,"Apr","2011","S08000026","NHS Shetland",1458,1452,6,99.6,0.4,1452,6
2011-04-01,"Apr","2011","S08000028","NHS Western Isles",1408,1374,34,97.6,2.4,1374,34
2011-04-01,"Apr","2011","S08000029","NHS Fife",15876,14338,1538,90.3,9.7,14338,1538
2011-04-01,"Apr","2011","S08000030","NHS Tayside",21002,20736,266,98.7,1.3,20736,266
2011-04-01,"Apr","2011","S08000031","NHS Greater Glasgow and Clyde",76832,72906,3926,94.9,5.1,72906,3926
2011-04-01,"Apr","2011","S08000032","NHS Lanarkshire",32582,30346,2236,93.1,6.9,30346,2236
2011-05-01,"May","2011","S08000015","NHS Ayrshire and Arran",20982,20318,664,96.8,3.2,20318,664
2011-05-01,"May","2011","S08000016","NHS Borders",4698,4594,104,97.8,2.2,4594,104
2011-05-01,"May","2011","S08000017","NHS Dumfries and Galloway",8180,7834,346,95.8,4.2,7834,346
2011-05-01,"May","2011","S08000019","NHS Forth Valley",13392,12704,688,94.9,5.1,12704,688
2011-05-01,"May","2011","S08000020","NHS Grampian",26086,25606,480,98.2,1.8,25606,480
2011-05-01,"May","2011","S08000022","NHS Highland",17122,16916,206,98.8,1.2,16916,206
2011-05-01,"May","2011","S08000024","NHS Lothian",42798,41596,1202,97.2,2.8,41596,1202
2011-05-01,"May","2011","S08000025","NHS Orkney",602,602,0,100,0,602,0
2011-05-01,"May","2011","S08000026","NHS Shetland",1580,1578,2,99.9,0.1,1578,2
2011-05-01,"May","2011","S08000028","NHS Western Isles",1436,1410,26,98.2,1.8,1410,26
2011-05-01,"May","2011","S08000029","NHS Fife",15920,14782,1138,92.9,7.1,14782,1138
2011-05-01,"May","2011","S08000030","NHS Tayside",20970,20754,216,99,1,20754,216
2011-05-01,"May","2011","S08000031","NHS Greater Glasgow and Clyde",79276,75306,3970,95,5,75306,3970
2011-05-01,"May","2011","S08000032","NHS Lanarkshire",33578,30994,2584,92.3,7.7,30994,2584
2011-06-01,"Jun","2011","S08000015","NHS Ayrshire and Arran",20652,19856,796,96.1,3.9,19856,796
2011-06-01,"Jun","2011","S08000016","NHS Borders",4560,4512,48,98.9,1.1,4512,48
2011-06-01,"Jun","2011","S08000017","NHS Dumfries and Galloway",8046,7748,298,96.3,3.7,7748,298
2011-06-01,"Jun","2011","S08000019","NHS Forth Valley",12406,11668,738,94.1,5.9,11668,738
2011-06-01,"Jun","2011","S08000020","NHS Grampian",24118,23662,456,98.1,1.9,23662,456
2011-06-01,"Jun","2011","S08000022","NHS Highland",17048,16814,234,98.6,1.4,16814,234
2011-06-01,"Jun","2011","S08000024","NHS Lothian",40934,39582,1352,96.7,3.3,39582,1352
2011-06-01,"Jun","2011","S08000025","NHS Orkney",486,484,2,99.6,0.4,484,2
2011-06-01,"Jun","2011","S08000026","NHS Shetland",1532,1524,8,99.5,0.5,1524,8
2011-06-01,"Jun","2011","S08000028","NHS Western Isles",1484,1462,22,98.5,1.5,1462,22
2011-06-01,"Jun","2011","S08000029","NHS Fife",15400,14304,1096,92.9,7.1,14304,1096
2011-06-01,"Jun","2011","S08000030","NHS Tayside",19378,19134,244,98.7,1.3,19134,244
2011-06-01,"Jun","2011","S08000031","NHS Greater Glasgow and Clyde",75980,72656,3324,95.6,4.4,72656,3324
2011-06-01,"Jun","2011","S08000032","NHS Lanarkshire",32082,29722,2360,92.6,7.4,29722,2360
2011-07-01,"Jul","2011","S08000015","NHS Ayrshire and Arran",21080,20546,534,97.5,2.5,20546,534
2011-07-01,"Jul","2011","S08000016","NHS Borders",4426,4406,20,99.5,0.5,4406,20
2011-07-01,"Jul","2011","S08000017","NHS Dumfries and Galloway",8488,8228,260,96.9,3.1,8228,260
2011-07-01,"Jul","2011","S08000019","NHS Forth Valley",12882,12072,810,93.7,6.3,12072,810
2011-07-01,"Jul","2011","S08000020","NHS Grampian",24502,24108,394,98.4,1.6,24108,394
2011-07-01,"Jul","2011","S08000022","NHS Highland",18384,18196,188,99,1,18196,188
2011-07-01,"Jul","2011","S08000024","NHS Lothian",40774,39422,1352,96.7,3.3,39422,1352
2011-07-01,"Jul","2011","S08000025","NHS Orkney",512,510,2,99.6,0.4,510,2
2011-07-01,"Jul","2011","S08000026","NHS Shetland",1606,1602,4,99.8,0.2,1602,4
2011-07-01,"Jul","2011","S08000028","NHS Western Isles",1858,1814,44,97.6,2.4,1814,44
2011-07-01,"Jul","2011","S08000029","NHS Fife",16020,15252,768,95.2,4.8,15252,768
2011-07-01,"Jul","2011","S08000030","NHS Tayside",20056,19824,232,98.8,1.2,19824,232
2011-07-01,"Jul","2011","S08000031","NHS Greater Glasgow and Clyde",78664,76430,2234,97.2,2.8,76430,2234
2011-07-01,"Jul","2011","S08000032","NHS Lanarkshire",32546,31324,1222,96.2,3.8,31324,1222
2011-08-01,"Aug","2011","S08000015","NHS Ayrshire and Arran",20858,20048,810,96.1,3.9,20048,810
2011-08-01,"Aug","2011","S08000016","NHS Borders",4634,4584,50,98.9,1.1,4584,50
2011-08-01,"Aug","2011","S08000017","NHS Dumfries and Galloway",8466,8142,324,96.2,3.8,8142,324
2011-08-01,"Aug","2011","S08000019","NHS Forth Valley",12432,11800,632,94.9,5.1,11800,632
2011-08-01,"Aug","2011","S08000020","NHS Grampian",24756,24196,560,97.7,2.3,24196,560
2011-08-01,"Aug","2011","S08000022","NHS Highland",17812,17600,212,98.8,1.2,17600,212
2011-08-01,"Aug","2011","S08000024","NHS Lothian",41724,40734,990,97.6,2.4,40734,990
2011-08-01,"Aug","2011","S08000025","NHS Orkney",430,428,2,99.5,0.5,428,2
2011-08-01,"Aug","2011","S08000026","NHS Shetland",1384,1368,16,98.8,1.2,1368,16
2011-08-01,"Aug","2011","S08000028","NHS Western Isles",1694,1674,20,98.8,1.2,1674,20
2011-08-01,"Aug","2011","S08000029","NHS Fife",15458,14808,650,95.8,4.2,14808,650
2011-08-01,"Aug","2011","S08000030","NHS Tayside",19970,19762,208,99,1,19762,208
2011-08-01,"Aug","2011","S08000031","NHS Greater Glasgow and Clyde",77520,75280,2240,97.1,2.9,75280,2240
2011-08-01,"Aug","2011","S08000032","NHS Lanarkshire",33016,31298,1718,94.8,5.2,31298,1718
2011-09-01,"Sep","2011","S08000015","NHS Ayrshire and Arran",20038,19044,994,95,5,19044,994
2011-09-01,"Sep","2011","S08000016","NHS Borders",4374,4270,104,97.6,2.4,4270,104
2011-09-01,"Sep","2011","S08000017","NHS Dumfries and Galloway",7838,7434,404,94.8,5.2,7434,404
2011-09-01,"Sep","2011","S08000019","NHS Forth Valley",12436,11436,1000,92,8,11436,1000
2011-09-01,"Sep","2011","S08000020","NHS Grampian",25074,24384,690,97.2,2.8,24384,690
2011-09-01,"Sep","2011","S08000022","NHS Highland",17660,17430,230,98.7,1.3,17430,230
2011-09-01,"Sep","2011","S08000024","NHS Lothian",41258,40050,1208,97.1,2.9,40050,1208
2011-09-01,"Sep","2011","S08000025","NHS Orkney",284,282,2,99.3,0.7,282,2
2011-09-01,"Sep","2011","S08000026","NHS Shetland",1274,1270,4,99.7,0.3,1270,4
2011-09-01,"Sep","2011","S08000028","NHS Western Isles",1426,1384,42,97.1,2.9,1384,42
2011-09-01,"Sep","2011","S08000029","NHS Fife",15524,14414,1110,92.8,7.2,14414,1110
2011-09-01,"Sep","2011","S08000030","NHS Tayside",19564,19296,268,98.6,1.4,19296,268
2011-09-01,"Sep","2011","S08000031","NHS Greater Glasgow and Clyde",77820,74756,3064,96.1,3.9,74756,3064
2011-09-01,"Sep","2011","S08000032","NHS Lanarkshire",32552,30496,2056,93.7,6.3,30496,2056
2011-10-01,"Oct","2011","S08000015","NHS Ayrshire and Arran",19214,18272,942,95.1,4.9,18272,942
2011-10-01,"Oct","2011","S08000016","NHS Borders",4558,4480,78,98.3,1.7,4480,78
2011-10-01,"Oct","2011","S08000017","NHS Dumfries and Galloway",7576,7342,234,96.9,3.1,7342,234
2011-10-01,"Oct","2011","S08000019","NHS Forth Valley",11984,11396,588,95.1,4.9,11396,588
2011-10-01,"Oct","2011","S08000020","NHS Grampian",23800,23178,622,97.4,2.6,23178,622
2011-10-01,"Oct","2011","S08000022","NHS Highland",15232,14976,256,98.3,1.7,14976,256
2011-10-01,"Oct","2011","S08000024","NHS Lothian",41234,39874,1360,96.7,3.3,39874,1360
2011-10-01,"Oct","2011","S08000025","NHS Orkney",284,284,0,100,0,284,0
2011-10-01,"Oct","2011","S08000026","NHS Shetland",1296,1286,10,99.2,0.8,1286,10
2011-10-01,"Oct","2011","S08000028","NHS Western Isles",1366,1322,44,96.8,3.2,1322,44
2011-10-01,"Oct","2011","S08000029","NHS Fife",14840,13666,1174,92.1,7.9,13666,1174
2011-10-01,"Oct","2011","S08000030","NHS Tayside",19078,18956,122,99.4,0.6,18956,122
2011-10-01,"Oct","2011","S08000031","NHS Greater Glasgow and Clyde",76178,72106,4072,94.7,5.3,72106,4072
2011-10-01,"Oct","2011","S08000032","NHS Lanarkshire",32018,30484,1534,95.2,4.8,30484,1534
2011-11-01,"Nov","2011","S08000015","NHS Ayrshire and Arran",18280,17864,416,97.7,2.3,17864,416
2011-11-01,"Nov","2011","S08000016","NHS Borders",3958,3924,34,99.1,0.9,3924,34
2011-11-01,"Nov","2011","S08000017","NHS Dumfries and Galloway",6990,6754,236,96.6,3.4,6754,236
2011-11-01,"Nov","2011","S08000019","NHS Forth Valley",11242,10956,286,97.5,2.5,10956,286
2011-11-01,"Nov","2011","S08000020","NHS Grampian",22946,22364,582,97.5,2.5,22364,582
2011-11-01,"Nov","2011","S08000022","NHS Highland",14034,13868,166,98.8,1.2,13868,166
2011-11-01,"Nov","2011","S08000024","NHS Lothian",40230,38086,2144,94.7,5.3,38086,2144
2011-11-01,"Nov","2011","S08000025","NHS Orkney",334,326,8,97.6,2.4,326,8
2011-11-01,"Nov","2011","S08000026","NHS Shetland",1262,1258,4,99.7,0.3,1258,4
2011-11-01,"Nov","2011","S08000028","NHS Western Isles",1248,1230,18,98.6,1.4,1230,18
2011-11-01,"Nov","2011","S08000029","NHS Fife",13654,12634,1020,92.5,7.5,12634,1020
2011-11-01,"Nov","2011","S08000030","NHS Tayside",17230,16982,248,98.6,1.4,16982,248
2011-11-01,"Nov","2011","S08000031","NHS Greater Glasgow and Clyde",73124,69962,3162,95.7,4.3,69962,3162
2011-11-01,"Nov","2011","S08000032","NHS Lanarkshire",30246,29058,1188,96.1,3.9,29058,1188
2011-12-01,"Dec","2011","S08000015","NHS Ayrshire and Arran",18620,17582,1038,94.4,5.6,17582,1038
2011-12-01,"Dec","2011","S08000016","NHS Borders",4064,3976,88,97.8,2.2,3976,88
2011-12-01,"Dec","2011","S08000017","NHS Dumfries and Galloway",6922,6656,266,96.2,3.8,6656,266
2011-12-01,"Dec","2011","S08000019","NHS Forth Valley",11436,10718,718,93.7,6.3,10718,718
2011-12-01,"Dec","2011","S08000020","NHS Grampian",23946,23200,746,96.9,3.1,23200,746
2011-12-01,"Dec","2011","S08000022","NHS Highland",14458,14226,232,98.4,1.6,14226,232
2011-12-01,"Dec","2011","S08000024","NHS Lothian",39488,36826,2662,93.3,6.7,36826,2662
2011-12-01,"Dec","2011","S08000025","NHS Orkney",340,336,4,98.8,1.2,336,4
2011-12-01,"Dec","2011","S08000026","NHS Shetland",1286,1280,6,99.5,0.5,1280,6
2011-12-01,"Dec","2011","S08000028","NHS Western Isles",1416,1360,56,96,4,1360,56
2011-12-01,"Dec","2011","S08000029","NHS Fife",14212,11998,2214,84.4,15.6,11998,2214
2011-12-01,"Dec","2011","S08000030","NHS Tayside",18430,18146,284,98.5,1.5,18146,284
2011-12-01,"Dec","2011","S08000031","NHS Greater Glasgow and Clyde",73414,69672,3742,94.9,5.1,69672,3742
2011-12-01,"Dec","2011","S08000032","NHS Lanarkshire",30470,28942,1528,95,5,28942,1528
2012-01-01,"Jan","2012","S08000015","NHS Ayrshire and Arran",18976,17842,1134,94,6,17842,1134
2012-01-01,"Jan","2012","S08000016","NHS Borders",4244,4086,158,96.3,3.7,4086,158
2012-01-01,"Jan","2012","S08000017","NHS Dumfries and Galloway",7336,6974,362,95.1,4.9,6974,362
2012-01-01,"Jan","2012","S08000019","NHS Forth Valley",11744,11022,722,93.9,6.1,11022,722
2012-01-01,"Jan","2012","S08000020","NHS Grampian",22480,21494,986,95.6,4.4,21494,986
2012-01-01,"Jan","2012","S08000022","NHS Highland",13866,13612,254,98.2,1.8,13612,254
2012-01-01,"Jan","2012","S08000024","NHS Lothian",39804,36618,3186,92,8,36618,3186
2012-01-01,"Jan","2012","S08000025","NHS Orkney",394,386,8,98,2,386,8
2012-01-01,"Jan","2012","S08000026","NHS Shetland",1266,1260,6,99.5,0.5,1260,6
2012-01-01,"Jan","2012","S08000028","NHS Western Isles",1258,1224,34,97.3,2.7,1224,34
2012-01-01,"Jan","2012","S08000029","NHS Fife",13744,12174,1570,88.6,11.4,12174,1570
2012-01-01,"Jan","2012","S08000030","NHS Tayside",17762,17534,228,98.7,1.3,17534,228
2012-01-01,"Jan","2012","S08000031","NHS Greater Glasgow and Clyde",74028,69492,4536,93.9,6.1,69492,4536
2012-01-01,"Jan","2012","S08000032","NHS Lanarkshire",31158,29730,1428,95.4,4.6,29730,1428
2012-02-01,"Feb","2012","S08000015","NHS Ayrshire and Arran",18214,17364,850,95.3,4.7,17364,850
2012-02-01,"Feb","2012","S08000016","NHS Borders",4166,4012,154,96.3,3.7,4012,154
2012-02-01,"Feb","2012","S08000017","NHS Dumfries and Galloway",7044,6736,308,95.6,4.4,6736,308
2012-02-01,"Feb","2012","S08000019","NHS Forth Valley",11230,10528,702,93.7,6.3,10528,702
2012-02-01,"Feb","2012","S08000020","NHS Grampian",22608,21872,736,96.7,3.3,21872,736
2012-02-01,"Feb","2012","S08000022","NHS Highland",13522,13202,320,97.6,2.4,13202,320
2012-02-01,"Feb","2012","S08000024","NHS Lothian",39372,35652,3720,90.6,9.4,35652,3720
2012-02-01,"Feb","2012","S08000025","NHS Orkney",378,376,2,99.5,0.5,376,2
2012-02-01,"Feb","2012","S08000026","NHS Shetland",1206,1202,4,99.7,0.3,1202,4
2012-02-01,"Feb","2012","S08000028","NHS Western Isles",1268,1240,28,97.8,2.2,1240,28
2012-02-01,"Feb","2012","S08000029","NHS Fife",13404,11868,1536,88.5,11.5,11868,1536
2012-02-01,"Feb","2012","S08000030","NHS Tayside",17356,17216,140,99.2,0.8,17216,140
2012-02-01,"Feb","2012","S08000031","NHS Greater Glasgow and Clyde",73408,69264,4144,94.4,5.6,69264,4144
2012-02-01,"Feb","2012","S08000032","NHS Lanarkshire",30848,29372,1476,95.2,4.8,29372,1476
2012-03-01,"Mar","2012","S08000015","NHS Ayrshire and Arran",21690,20622,1068,95.1,4.9,20622,1068
2012-03-01,"Mar","2012","S08000016","NHS Borders",4892,4716,176,96.4,3.6,4716,176
2012-03-01,"Mar","2012","S08000017","NHS Dumfries and Galloway",8442,7944,498,94.1,5.9,7944,498
2012-03-01,"Mar","2012","S08000019","NHS Forth Valley",13776,12712,1064,92.3,7.7,12712,1064
2012-03-01,"Mar","2012","S08000020","NHS Grampian",26850,26084,766,97.1,2.9,26084,766
2012-03-01,"Mar","2012","S08000022","NHS Highland",16012,15758,254,98.4,1.6,15758,254
2012-03-01,"Mar","2012","S08000024","NHS Lothian",45430,42434,2996,93.4,6.6,42434,2996
2012-03-01,"Mar","2012","S08000025","NHS Orkney",414,412,2,99.5,0.5,412,2
2012-03-01,"Mar","2012","S08000026","NHS Shetland",1330,1328,2,99.8,0.2,1328,2
2012-03-01,"Mar","2012","S08000028","NHS Western Isles",1492,1458,34,97.7,2.3,1458,34
2012-03-01,"Mar","2012","S08000029","NHS Fife",15542,14612,930,94,6,14612,930
2012-03-01,"Mar","2012","S08000030","NHS Tayside",19648,19460,188,99,1,19460,188
2012-03-01,"Mar","2012","S08000031","NHS Greater Glasgow and Clyde",84180,79944,4236,95,5,79944,4236
2012-03-01,"Mar","2012","S08000032","NHS Lanarkshire",35652,34204,1448,95.9,4.1,34204,1448
2012-04-01,"Apr","2012","S08000015","NHS Ayrshire and Arran",20814,19504,1310,93.7,6.3,19504,1310
2012-04-01,"Apr","2012","S08000016","NHS Borders",4448,4142,306,93.1,6.9,4142,306
2012-04-01,"Apr","2012","S08000017","NHS Dumfries and Galloway",8368,7764,604,92.8,7.2,7764,604
2012-04-01,"Apr","2012","S08000019","NHS Forth Valley",12686,11854,832,93.4,6.6,11854,832
2012-04-01,"Apr","2012","S08000020","NHS Grampian",23140,22218,922,96,4,22218,922
2012-04-01,"Apr","2012","S08000022","NHS Highland",16246,15914,332,98,2,15914,332
2012-04-01,"Apr","2012","S08000024","NHS Lothian",41082,37354,3728,90.9,9.1,37354,3728
2012-04-01,"Apr","2012","S08000025","NHS Orkney",508,506,2,99.6,0.4,506,2
2012-04-01,"Apr","2012","S08000026","NHS Shetland",1272,1266,6,99.5,0.5,1266,6
2012-04-01,"Apr","2012","S08000028","NHS Western Isles",1490,1458,32,97.9,2.1,1458,32
2012-04-01,"Apr","2012","S08000029","NHS Fife",14386,13272,1114,92.3,7.7,13272,1114
2012-04-01,"Apr","2012","S08000030","NHS Tayside",18312,18122,190,99,1,18122,190
2012-04-01,"Apr","2012","S08000031","NHS Greater Glasgow and Clyde",79172,74378,4794,93.9,6.1,74378,4794
2012-04-01,"Apr","2012","S08000032","NHS Lanarkshire",32750,31096,1654,94.9,5.1,31096,1654
2012-05-01,"May","2012","S08000015","NHS Ayrshire and Arran",22276,20160,2116,90.5,9.5,20160,2116
2012-05-01,"May","2012","S08000016","NHS Borders",4622,4500,122,97.4,2.6,4500,122
2012-05-01,"May","2012","S08000017","NHS Dumfries and Galloway",8484,7936,548,93.5,6.5,7936,548
2012-05-01,"May","2012","S08000019","NHS Forth Valley",13584,12556,1028,92.4,7.6,12556,1028
2012-05-01,"May","2012","S08000020","NHS Grampian",26368,25516,852,96.8,3.2,25516,852
2012-05-01,"May","2012","S08000022","NHS Highland",17768,17342,426,97.6,2.4,17342,426
2012-05-01,"May","2012","S08000024","NHS Lothian",43710,40584,3126,92.8,7.2,40584,3126
2012-05-01,"May","2012","S08000025","NHS Orkney",602,592,10,98.3,1.7,592,10
2012-05-01,"May","2012","S08000026","NHS Shetland",1410,1400,10,99.3,0.7,1400,10
2012-05-01,"May","2012","S08000028","NHS Western Isles",1540,1522,18,98.8,1.2,1522,18
2012-05-01,"May","2012","S08000029","NHS Fife",15652,15072,580,96.3,3.7,15072,580
2012-05-01,"May","2012","S08000030","NHS Tayside",20448,20108,340,98.3,1.7,20108,340
2012-05-01,"May","2012","S08000031","NHS Greater Glasgow and Clyde",84786,79906,4880,94.2,5.8,79906,4880
2012-05-01,"May","2012","S08000032","NHS Lanarkshire",35044,33288,1756,95,5,33288,1756
2012-06-01,"Jun","2012","S08000015","NHS Ayrshire and Arran",20914,19514,1400,93.3,6.7,19514,1400
2012-06-01,"Jun","2012","S08000016","NHS Borders",4406,4358,48,98.9,1.1,4358,48
2012-06-01,"Jun","2012","S08000017","NHS Dumfries and Galloway",8180,7800,380,95.4,4.6,7800,380
2012-06-01,"Jun","2012","S08000019","NHS Forth Valley",12740,12238,502,96.1,3.9,12238,502
2012-06-01,"Jun","2012","S08000020","NHS Grampian",24320,23642,678,97.2,2.8,23642,678
2012-06-01,"Jun","2012","S08000022","NHS Highland",17464,17148,316,98.2,1.8,17148,316
2012-06-01,"Jun","2012","S08000024","NHS Lothian",42332,38900,3432,91.9,8.1,38900,3432
2012-06-01,"Jun","2012","S08000025","NHS Orkney",652,642,10,98.5,1.5,642,10
2012-06-01,"Jun","2012","S08000026","NHS Shetland",1438,1430,8,99.4,0.6,1430,8
2012-06-01,"Jun","2012","S08000028","NHS Western Isles",1640,1604,36,97.8,2.2,1604,36
2012-06-01,"Jun","2012","S08000029","NHS Fife",14496,13854,642,95.6,4.4,13854,642
2012-06-01,"Jun","2012","S08000030","NHS Tayside",19254,19070,184,99,1,19070,184
2012-06-01,"Jun","2012","S08000031","NHS Greater Glasgow and Clyde",77294,73000,4294,94.4,5.6,73000,4294
2012-06-01,"Jun","2012","S08000032","NHS Lanarkshire",32572,30860,1712,94.7,5.3,30860,1712
2012-07-01,"Jul","2012","S08000015","NHS Ayrshire and Arran",20432,19704,728,96.4,3.6,19704,728
2012-07-01,"Jul","2012","S08000016","NHS Borders",4454,4338,116,97.4,2.6,4338,116
2012-07-01,"Jul","2012","S08000017","NHS Dumfries and Galloway",8340,7756,584,93,7,7756,584
2012-07-01,"Jul","2012","S08000019","NHS Forth Valley",12406,11838,568,95.4,4.6,11838,568
2012-07-01,"Jul","2012","S08000020","NHS Grampian",24030,23384,646,97.3,2.7,23384,646
2012-07-01,"Jul","2012","S08000022","NHS Highland",17654,17316,338,98.1,1.9,17316,338
2012-07-01,"Jul","2012","S08000024","NHS Lothian",40394,38194,2200,94.6,5.4,38194,2200
2012-07-01,"Jul","2012","S08000025","NHS Orkney",554,542,12,97.8,2.2,542,12
2012-07-01,"Jul","2012","S08000026","NHS Shetland",1424,1416,8,99.4,0.6,1416,8
2012-07-01,"Jul","2012","S08000028","NHS Western Isles",1644,1624,20,98.8,1.2,1624,20
2012-07-01,"Jul","2012","S08000029","NHS Fife",14308,14072,236,98.4,1.6,14072,236
2012-07-01,"Jul","2012","S08000030","NHS Tayside",19202,19036,166,99.1,0.9,19036,166
2012-07-01,"Jul","2012","S08000031","NHS Greater Glasgow and Clyde",74994,71770,3224,95.7,4.3,71770,3224
2012-07-01,"Jul","2012","S08000032","NHS Lanarkshire",31178,29716,1462,95.3,4.7,29716,1462
2012-08-01,"Aug","2012","S08000015","NHS Ayrshire and Arran",21920,20638,1282,94.2,5.8,20638,1282
2012-08-01,"Aug","2012","S08000016","NHS Borders",4606,4514,92,98,2,4514,92
2012-08-01,"Aug","2012","S08000017","NHS Dumfries and Galloway",8758,8226,532,93.9,6.1,8226,532
2012-08-01,"Aug","2012","S08000019","NHS Forth Valley",13104,12388,716,94.5,5.5,12388,716
2012-08-01,"Aug","2012","S08000020","NHS Grampian",25592,24738,854,96.7,3.3,24738,854
2012-08-01,"Aug","2012","S08000022","NHS Highland",19270,18910,360,98.1,1.9,18910,360
2012-08-01,"Aug","2012","S08000024","NHS Lothian",43476,40490,2986,93.1,6.9,40490,2986
2012-08-01,"Aug","2012","S08000025","NHS Orkney",672,664,8,98.8,1.2,664,8
2012-08-01,"Aug","2012","S08000026","NHS Shetland",1332,1332,0,100,0,1332,0
2012-08-01,"Aug","2012","S08000028","NHS Western Isles",1608,1586,22,98.6,1.4,1586,22
2012-08-01,"Aug","2012","S08000029","NHS Fife",15930,15752,178,98.9,1.1,15752,178
2012-08-01,"Aug","2012","S08000030","NHS Tayside",20432,20190,242,98.8,1.2,20190,242
2012-08-01,"Aug","2012","S08000031","NHS Greater Glasgow and Clyde",79204,75746,3458,95.6,4.4,75746,3458
2012-08-01,"Aug","2012","S08000032","NHS Lanarkshire",33966,31526,2440,92.8,7.2,31526,2440
2012-09-01,"Sep","2012","S08000015","NHS Ayrshire and Arran",20302,19096,1206,94.1,5.9,19096,1206
2012-09-01,"Sep","2012","S08000016","NHS Borders",5032,4894,138,97.3,2.7,4894,138
2012-09-01,"Sep","2012","S08000017","NHS Dumfries and Galloway",8202,7632,570,93.1,6.9,7632,570
2012-09-01,"Sep","2012","S08000019","NHS Forth Valley",12790,11734,1056,91.7,8.3,11734,1056
2012-09-01,"Sep","2012","S08000020","NHS Grampian",26136,25490,646,97.5,2.5,25490,646
2012-09-01,"Sep","2012","S08000022","NHS Highland",16752,16400,352,97.9,2.1,16400,352
2012-09-01,"Sep","2012","S08000024","NHS Lothian",42334,39220,3114,92.6,7.4,39220,3114
2012-09-01,"Sep","2012","S08000025","NHS Orkney",500,494,6,98.8,1.2,494,6
2012-09-01,"Sep","2012","S08000026","NHS Shetland",1228,1212,16,98.7,1.3,1212,16
2012-09-01,"Sep","2012","S08000028","NHS Western Isles",1362,1342,20,98.5,1.5,1342,20
2012-09-01,"Sep","2012","S08000029","NHS Fife",15224,15056,168,98.9,1.1,15056,168
2012-09-01,"Sep","2012","S08000030","NHS Tayside",19748,19590,158,99.2,0.8,19590,158
2012-09-01,"Sep","2012","S08000031","NHS Greater Glasgow and Clyde",76440,72730,3710,95.1,4.9,72730,3710
2012-09-01,"Sep","2012","S08000032","NHS Lanarkshire",32236,29410,2826,91.2,8.8,29410,2826
2012-10-01,"Oct","2012","S08000015","NHS Ayrshire and Arran",19858,18338,1520,92.3,7.7,18338,1520
2012-10-01,"Oct","2012","S08000016","NHS Borders",4212,4150,62,98.5,1.5,4150,62
2012-10-01,"Oct","2012","S08000017","NHS Dumfries and Galloway",7614,7152,462,93.9,6.1,7152,462
2012-10-01,"Oct","2012","S08000019","NHS Forth Valley",12578,11348,1230,90.2,9.8,11348,1230
2012-10-01,"Oct","2012","S08000020","NHS Grampian",23354,22548,806,96.5,3.5,22548,806
2012-10-01,"Oct","2012","S08000022","NHS Highland",14888,14492,396,97.3,2.7,14492,396
2012-10-01,"Oct","2012","S08000024","NHS Lothian",41730,38606,3124,92.5,7.5,38606,3124
2012-10-01,"Oct","2012","S08000025","NHS Orkney",596,588,8,98.7,1.3,588,8
2012-10-01,"Oct","2012","S08000026","NHS Shetland",1220,1210,10,99.2,0.8,1210,10
2012-10-01,"Oct","2012","S08000028","NHS Western Isles",1304,1278,26,98,2,1278,26
2012-10-01,"Oct","2012","S08000029","NHS Fife",14202,13778,424,97,3,13778,424
2012-10-01,"Oct","2012","S08000030","NHS Tayside",17822,17692,130,99.3,0.7,17692,130
2012-10-01,"Oct","2012","S08000031","NHS Greater Glasgow and Clyde",75848,71992,3856,94.9,5.1,71992,3856
2012-10-01,"Oct","2012","S08000032","NHS Lanarkshire",31622,28710,2912,90.8,9.2,28710,2912
2012-11-01,"Nov","2012","S08000015","NHS Ayrshire and Arran",18798,17690,1108,94.1,5.9,17690,1108
2012-11-01,"Nov","2012","S08000016","NHS Borders",4178,3998,180,95.7,4.3,3998,180
2012-11-01,"Nov","2012","S08000017","NHS Dumfries and Galloway",6846,6574,272,96,4,6574,272
2012-11-01,"Nov","2012","S08000019","NHS Forth Valley",11362,10690,672,94.1,5.9,10690,672
2012-11-01,"Nov","2012","S08000020","NHS Grampian",23050,22040,1010,95.6,4.4,22040,1010
2012-11-01,"Nov","2012","S08000022","NHS Highland",13762,13478,284,97.9,2.1,13478,284
2012-11-01,"Nov","2012","S08000024","NHS Lothian",40940,35802,5138,87.4,12.6,35802,5138
2012-11-01,"Nov","2012","S08000025","NHS Orkney",584,568,16,97.3,2.7,568,16
2012-11-01,"Nov","2012","S08000026","NHS Shetland",1254,1242,12,99,1,1242,12
2012-11-01,"Nov","2012","S08000028","NHS Western Isles",1294,1266,28,97.8,2.2,1266,28
2012-11-01,"Nov","2012","S08000029","NHS Fife",14052,13164,888,93.7,6.3,13164,888
2012-11-01,"Nov","2012","S08000030","NHS Tayside",16768,16636,132,99.2,0.8,16636,132
2012-11-01,"Nov","2012","S08000031","NHS Greater Glasgow and Clyde",73614,69732,3882,94.7,5.3,69732,3882
2012-11-01,"Nov","2012","S08000032","NHS Lanarkshire",30290,27128,3162,89.6,10.4,27128,3162
2012-12-01,"Dec","2012","S08000015","NHS Ayrshire and Arran",19696,17286,2410,87.8,12.2,17286,2410
2012-12-01,"Dec","2012","S08000016","NHS Borders",4276,4058,218,94.9,5.1,4058,218
2012-12-01,"Dec","2012","S08000017","NHS Dumfries and Galloway",7384,7036,348,95.3,4.7,7036,348
2012-12-01,"Dec","2012","S08000019","NHS Forth Valley",11878,10196,1682,85.8,14.2,10196,1682
2012-12-01,"Dec","2012","S08000020","NHS Grampian",25014,23578,1436,94.3,5.7,23578,1436
2012-12-01,"Dec","2012","S08000022","NHS Highland",14830,14510,320,97.8,2.2,14510,320
2012-12-01,"Dec","2012","S08000024","NHS Lothian",41648,35898,5750,86.2,13.8,35898,5750
2012-12-01,"Dec","2012","S08000025","NHS Orkney",562,554,8,98.6,1.4,554,8
2012-12-01,"Dec","2012","S08000026","NHS Shetland",1284,1268,16,98.8,1.2,1268,16
2012-12-01,"Dec","2012","S08000028","NHS Western Isles",1152,1132,20,98.3,1.7,1132,20
2012-12-01,"Dec","2012","S08000029","NHS Fife",13908,12668,1240,91.1,8.9,12668,1240
2012-12-01,"Dec","2012","S08000030","NHS Tayside",17722,17442,280,98.4,1.6,17442,280
2012-12-01,"Dec","2012","S08000031","NHS Greater Glasgow and Clyde",74410,67248,7162,90.4,9.6,67248,7162
2012-12-01,"Dec","2012","S08000032","NHS Lanarkshire",31142,26292,4850,84.4,15.6,26292,4850
2013-01-01,"Jan","2013","S08000015","NHS Ayrshire and Arran",18960,16148,2812,85.2,14.8,16148,2812
2013-01-01,"Jan","2013","S08000016","NHS Borders",4088,3906,182,95.5,4.5,3906,182
2013-01-01,"Jan","2013","S08000017","NHS Dumfries and Galloway",7244,6754,490,93.2,6.8,6754,490
2013-01-01,"Jan","2013","S08000019","NHS Forth Valley",11066,9662,1404,87.3,12.7,9662,1404
2013-01-01,"Jan","2013","S08000020","NHS Grampian",22256,21110,1146,94.9,5.1,21110,1146
2013-01-01,"Jan","2013","S08000022","NHS Highland",13918,13544,374,97.3,2.7,13544,374
2013-01-01,"Jan","2013","S08000024","NHS Lothian",39648,34980,4668,88.2,11.8,34980,4668
2013-01-01,"Jan","2013","S08000025","NHS Orkney",486,476,10,97.9,2.1,476,10
2013-01-01,"Jan","2013","S08000026","NHS Shetland",1362,1344,18,98.7,1.3,1344,18
2013-01-01,"Jan","2013","S08000028","NHS Western Isles",1192,1166,26,97.8,2.2,1166,26
2013-01-01,"Jan","2013","S08000029","NHS Fife",12924,11980,944,92.7,7.3,11980,944
2013-01-01,"Jan","2013","S08000030","NHS Tayside",16302,16142,160,99,1,16142,160
2013-01-01,"Jan","2013","S08000031","NHS Greater Glasgow and Clyde",71750,62986,8764,87.8,12.2,62986,8764
2013-01-01,"Jan","2013","S08000032","NHS Lanarkshire",30180,25196,4984,83.5,16.5,25196,4984
2013-02-01,"Feb","2013","S08000015","NHS Ayrshire and Arran",17760,15650,2110,88.1,11.9,15650,2110
2013-02-01,"Feb","2013","S08000016","NHS Borders",3830,3710,120,96.9,3.1,3710,120
2013-02-01,"Feb","2013","S08000017","NHS Dumfries and Galloway",6988,6602,386,94.5,5.5,6602,386
2013-02-01,"Feb","2013","S08000019","NHS Forth Valley",11026,10052,974,91.2,8.8,10052,974
2013-02-01,"Feb","2013","S08000020","NHS Grampian",22408,21514,894,96,4,21514,894
2013-02-01,"Feb","2013","S08000022","NHS Highland",13722,13376,346,97.5,2.5,13376,346
2013-02-01,"Feb","2013","S08000024","NHS Lothian",37136,33844,3292,91.1,8.9,33844,3292
2013-02-01,"Feb","2013","S08000025","NHS Orkney",466,452,14,97,3,452,14
2013-02-01,"Feb","2013","S08000026","NHS Shetland",1096,1092,4,99.6,0.4,1092,4
2013-02-01,"Feb","2013","S08000028","NHS Western Isles",1196,1180,16,98.7,1.3,1180,16
2013-02-01,"Feb","2013","S08000029","NHS Fife",12870,11876,994,92.3,7.7,11876,994
2013-02-01,"Feb","2013","S08000030","NHS Tayside",15862,15620,242,98.5,1.5,15620,242
2013-02-01,"Feb","2013","S08000031","NHS Greater Glasgow and Clyde",68402,60918,7484,89.1,10.9,60918,7484
2013-02-01,"Feb","2013","S08000032","NHS Lanarkshire",28624,25952,2672,90.7,9.3,25952,2672
2013-03-01,"Mar","2013","S08000015","NHS Ayrshire and Arran",20176,18070,2106,89.6,10.4,18070,2106
2013-03-01,"Mar","2013","S08000016","NHS Borders",4432,4298,134,97,3,4298,134
2013-03-01,"Mar","2013","S08000017","NHS Dumfries and Galloway",7794,7330,464,94,6,7330,464
2013-03-01,"Mar","2013","S08000019","NHS Forth Valley",11294,9894,1400,87.6,12.4,9894,1400
2013-03-01,"Mar","2013","S08000020","NHS Grampian",24994,23806,1188,95.2,4.8,23806,1188
2013-03-01,"Mar","2013","S08000022","NHS Highland",15688,15308,380,97.6,2.4,15308,380
2013-03-01,"Mar","2013","S08000024","NHS Lothian",40974,36094,4880,88.1,11.9,36094,4880
2013-03-01,"Mar","2013","S08000025","NHS Orkney",552,544,8,98.6,1.4,544,8
2013-03-01,"Mar","2013","S08000026","NHS Shetland",1300,1294,6,99.5,0.5,1294,6
2013-03-01,"Mar","2013","S08000028","NHS Western Isles",1268,1254,14,98.9,1.1,1254,14
2013-03-01,"Mar","2013","S08000029","NHS Fife",14166,13730,436,96.9,3.1,13730,436
2013-03-01,"Mar","2013","S08000030","NHS Tayside",17534,17312,222,98.7,1.3,17312,222
2013-03-01,"Mar","2013","S08000031","NHS Greater Glasgow and Clyde",76360,68410,7950,89.6,10.4,68410,7950
2013-03-01,"Mar","2013","S08000032","NHS Lanarkshire",31176,28608,2568,91.8,8.2,28608,2568
2013-04-01,"Apr","2013","S08000015","NHS Ayrshire and Arran",20538,18228,2310,88.8,11.2,18228,2310
2013-04-01,"Apr","2013","S08000016","NHS Borders",4612,4440,172,96.3,3.7,4440,172
2013-04-01,"Apr","2013","S08000017","NHS Dumfries and Galloway",7788,7356,432,94.5,5.5,7356,432
2013-04-01,"Apr","2013","S08000019","NHS Forth Valley",12000,10436,1564,87,13,10436,1564
2013-04-01,"Apr","2013","S08000020","NHS Grampian",25032,23726,1306,94.8,5.2,23726,1306
2013-04-01,"Apr","2013","S08000022","NHS Highland",15730,15346,384,97.6,2.4,15346,384
2013-04-01,"Apr","2013","S08000024","NHS Lothian",41764,36992,4772,88.6,11.4,36992,4772
2013-04-01,"Apr","2013","S08000025","NHS Orkney",490,480,10,98,2,480,10
2013-04-01,"Apr","2013","S08000026","NHS Shetland",1260,1254,6,99.5,0.5,1254,6
2013-04-01,"Apr","2013","S08000028","NHS Western Isles",1262,1238,24,98.1,1.9,1238,24
2013-04-01,"Apr","2013","S08000029","NHS Fife",14622,13666,956,93.5,6.5,13666,956
2013-04-01,"Apr","2013","S08000030","NHS Tayside",18416,18192,224,98.8,1.2,18192,224
2013-04-01,"Apr","2013","S08000031","NHS Greater Glasgow and Clyde",75776,69052,6724,91.1,8.9,69052,6724
2013-04-01,"Apr","2013","S08000032","NHS Lanarkshire",31794,27952,3842,87.9,12.1,27952,3842
2013-05-01,"May","2013","S08000015","NHS Ayrshire and Arran",21090,19452,1638,92.2,7.8,19452,1638
2013-05-01,"May","2013","S08000016","NHS Borders",4398,4360,38,99.1,0.9,4360,38
2013-05-01,"May","2013","S08000017","NHS Dumfries and Galloway",8200,7768,432,94.7,5.3,7768,432
2013-05-01,"May","2013","S08000019","NHS Forth Valley",13232,12726,506,96.2,3.8,12726,506
2013-05-01,"May","2013","S08000020","NHS Grampian",26776,26028,748,97.2,2.8,26028,748
2013-05-01,"May","2013","S08000022","NHS Highland",17398,16934,464,97.3,2.7,16934,464
2013-05-01,"May","2013","S08000024","NHS Lothian",43078,40892,2186,94.9,5.1,40892,2186
2013-05-01,"May","2013","S08000025","NHS Orkney",664,650,14,97.9,2.1,650,14
2013-05-01,"May","2013","S08000026","NHS Shetland",1412,1380,32,97.7,2.3,1380,32
2013-05-01,"May","2013","S08000028","NHS Western Isles",1384,1376,8,99.4,0.6,1376,8
2013-05-01,"May","2013","S08000029","NHS Fife",15310,14786,524,96.6,3.4,14786,524
2013-05-01,"May","2013","S08000030","NHS Tayside",19846,19730,116,99.4,0.6,19730,116
2013-05-01,"May","2013","S08000031","NHS Greater Glasgow and Clyde",78370,72432,5938,92.4,7.6,72432,5938
2013-05-01,"May","2013","S08000032","NHS Lanarkshire",32918,30148,2770,91.6,8.4,30148,2770
2013-06-01,"Jun","2013","S08000015","NHS Ayrshire and Arran",20672,19180,1492,92.8,7.2,19180,1492
2013-06-01,"Jun","2013","S08000016","NHS Borders",4398,4368,30,99.3,0.7,4368,30
2013-06-01,"Jun","2013","S08000017","NHS Dumfries and Galloway",8202,7900,302,96.3,3.7,7900,302
2013-06-01,"Jun","2013","S08000019","NHS Forth Valley",13530,12800,730,94.6,5.4,12800,730
2013-06-01,"Jun","2013","S08000020","NHS Grampian",25726,25296,430,98.3,1.7,25296,430
2013-06-01,"Jun","2013","S08000022","NHS Highland",17562,17218,344,98,2,17218,344
2013-06-01,"Jun","2013","S08000024","NHS Lothian",41752,39500,2252,94.6,5.4,39500,2252
2013-06-01,"Jun","2013","S08000025","NHS Orkney",664,652,12,98.2,1.8,652,12
2013-06-01,"Jun","2013","S08000026","NHS Shetland",1494,1480,14,99.1,0.9,1480,14
2013-06-01,"Jun","2013","S08000028","NHS Western Isles",1536,1504,32,97.9,2.1,1504,32
2013-06-01,"Jun","2013","S08000029","NHS Fife",15130,14598,532,96.5,3.5,14598,532
2013-06-01,"Jun","2013","S08000030","NHS Tayside",19640,19486,154,99.2,0.8,19486,154
2013-06-01,"Jun","2013","S08000031","NHS Greater Glasgow and Clyde",77112,70742,6370,91.7,8.3,70742,6370
2013-06-01,"Jun","2013","S08000032","NHS Lanarkshire",32386,29976,2410,92.6,7.4,29976,2410
2013-07-01,"Jul","2013","S08000015","NHS Ayrshire and Arran",22702,21490,1212,94.7,5.3,21490,1212
2013-07-01,"Jul","2013","S08000016","NHS Borders",4906,4864,42,99.1,0.9,4864,42
2013-07-01,"Jul","2013","S08000017","NHS Dumfries and Galloway",8984,8564,420,95.3,4.7,8564,420
2013-07-01,"Jul","2013","S08000019","NHS Forth Valley",13688,13186,502,96.3,3.7,13186,502
2013-07-01,"Jul","2013","S08000020","NHS Grampian",26970,26590,380,98.6,1.4,26590,380
2013-07-01,"Jul","2013","S08000022","NHS Highland",19286,18932,354,98.2,1.8,18932,354
2013-07-01,"Jul","2013","S08000024","NHS Lothian",41528,39494,2034,95.1,4.9,39494,2034
2013-07-01,"Jul","2013","S08000025","NHS Orkney",590,578,12,98,2,578,12
2013-07-01,"Jul","2013","S08000026","NHS Shetland",1346,1342,4,99.7,0.3,1342,4
2013-07-01,"Jul","2013","S08000028","NHS Western Isles",1818,1802,16,99.1,0.9,1802,16
2013-07-01,"Jul","2013","S08000029","NHS Fife",15860,15486,374,97.6,2.4,15486,374
2013-07-01,"Jul","2013","S08000030","NHS Tayside",20208,20072,136,99.3,0.7,20072,136
2013-07-01,"Jul","2013","S08000031","NHS Greater Glasgow and Clyde",79618,74918,4700,94.1,5.9,74918,4700
2013-07-01,"Jul","2013","S08000032","NHS Lanarkshire",33126,31314,1812,94.5,5.5,31314,1812
2013-08-01,"Aug","2013","S08000015","NHS Ayrshire and Arran",21704,20488,1216,94.4,5.6,20488,1216
2013-08-01,"Aug","2013","S08000016","NHS Borders",4970,4860,110,97.8,2.2,4860,110
2013-08-01,"Aug","2013","S08000017","NHS Dumfries and Galloway",8780,8322,458,94.8,5.2,8322,458
2013-08-01,"Aug","2013","S08000019","NHS Forth Valley",13972,13006,966,93.1,6.9,13006,966
2013-08-01,"Aug","2013","S08000020","NHS Grampian",25684,24856,828,96.8,3.2,24856,828
2013-08-01,"Aug","2013","S08000022","NHS Highland",19028,18582,446,97.7,2.3,18582,446
2013-08-01,"Aug","2013","S08000024","NHS Lothian",43404,41312,2092,95.2,4.8,41312,2092
2013-08-01,"Aug","2013","S08000025","NHS Orkney",800,790,10,98.8,1.2,790,10
2013-08-01,"Aug","2013","S08000026","NHS Shetland",1330,1320,10,99.2,0.8,1320,10
2013-08-01,"Aug","2013","S08000028","NHS Western Isles",1490,1452,38,97.4,2.6,1452,38
2013-08-01,"Aug","2013","S08000029","NHS Fife",15726,15328,398,97.5,2.5,15328,398
2013-08-01,"Aug","2013","S08000030","NHS Tayside",20296,20084,212,99,1,20084,212
2013-08-01,"Aug","2013","S08000031","NHS Greater Glasgow and Clyde",78564,73608,4956,93.7,6.3,73608,4956
2013-08-01,"Aug","2013","S08000032","NHS Lanarkshire",32468,30198,2270,93,7,30198,2270
2013-09-01,"Sep","2013","S08000015","NHS Ayrshire and Arran",20304,18942,1362,93.3,6.7,18942,1362
2013-09-01,"Sep","2013","S08000016","NHS Borders",4776,4688,88,98.2,1.8,4688,88
2013-09-01,"Sep","2013","S08000017","NHS Dumfries and Galloway",8054,7556,498,93.8,6.2,7556,498
2013-09-01,"Sep","2013","S08000019","NHS Forth Valley",12952,12100,852,93.4,6.6,12100,852
2013-09-01,"Sep","2013","S08000020","NHS Grampian",25536,24618,918,96.4,3.6,24618,918
2013-09-01,"Sep","2013","S08000022","NHS Highland",16738,16330,408,97.6,2.4,16330,408
2013-09-01,"Sep","2013","S08000024","NHS Lothian",42174,39658,2516,94,6,39658,2516
2013-09-01,"Sep","2013","S08000025","NHS Orkney",826,824,2,99.8,0.2,824,2
2013-09-01,"Sep","2013","S08000026","NHS Shetland",1278,1258,20,98.4,1.6,1258,20
2013-09-01,"Sep","2013","S08000028","NHS Western Isles",1326,1300,26,98,2,1300,26
2013-09-01,"Sep","2013","S08000029","NHS Fife",15116,14534,582,96.1,3.9,14534,582
2013-09-01,"Sep","2013","S08000030","NHS Tayside",19168,18970,198,99,1,18970,198
2013-09-01,"Sep","2013","S08000031","NHS Greater Glasgow and Clyde",74448,70184,4264,94.3,5.7,70184,4264
2013-09-01,"Sep","2013","S08000032","NHS Lanarkshire",30620,28210,2410,92.1,7.9,28210,2410
2013-10-01,"Oct","2013","S08000015","NHS Ayrshire and Arran",19270,18120,1150,94,6,18120,1150
2013-10-01,"Oct","2013","S08000016","NHS Borders",4798,4704,94,98,2,4704,94
2013-10-01,"Oct","2013","S08000017","NHS Dumfries and Galloway",7540,7208,332,95.6,4.4,7208,332
2013-10-01,"Oct","2013","S08000019","NHS Forth Valley",12076,11268,808,93.3,6.7,11268,808
2013-10-01,"Oct","2013","S08000020","NHS Grampian",23158,22410,748,96.8,3.2,22410,748
2013-10-01,"Oct","2013","S08000022","NHS Highland",15126,14744,382,97.5,2.5,14744,382
2013-10-01,"Oct","2013","S08000024","NHS Lothian",41340,38636,2704,93.5,6.5,38636,2704
2013-10-01,"Oct","2013","S08000025","NHS Orkney",838,828,10,98.8,1.2,828,10
2013-10-01,"Oct","2013","S08000026","NHS Shetland",1282,1270,12,99.1,0.9,1270,12
2013-10-01,"Oct","2013","S08000028","NHS Western Isles",1194,1182,12,99,1,1182,12
2013-10-01,"Oct","2013","S08000029","NHS Fife",14174,13510,664,95.3,4.7,13510,664
2013-10-01,"Oct","2013","S08000030","NHS Tayside",17816,17672,144,99.2,0.8,17672,144
2013-10-01,"Oct","2013","S08000031","NHS Greater Glasgow and Clyde",74860,68876,5984,92,8,68876,5984
2013-10-01,"Oct","2013","S08000032","NHS Lanarkshire",30628,27580,3048,90,10,27580,3048
2013-11-01,"Nov","2013","S08000015","NHS Ayrshire and Arran",18174,16990,1184,93.5,6.5,16990,1184
2013-11-01,"Nov","2013","S08000016","NHS Borders",4306,4216,90,97.9,2.1,4216,90
2013-11-01,"Nov","2013","S08000017","NHS Dumfries and Galloway",7042,6738,304,95.7,4.3,6738,304
2013-11-01,"Nov","2013","S08000019","NHS Forth Valley",11628,11058,570,95.1,4.9,11058,570
2013-11-01,"Nov","2013","S08000020","NHS Grampian",22334,21690,644,97.1,2.9,21690,644
2013-11-01,"Nov","2013","S08000022","NHS Highland",14298,13964,334,97.7,2.3,13964,334
2013-11-01,"Nov","2013","S08000024","NHS Lothian",40134,37620,2514,93.7,6.3,37620,2514
2013-11-01,"Nov","2013","S08000025","NHS Orkney",794,786,8,99,1,786,8
2013-11-01,"Nov","2013","S08000026","NHS Shetland",1194,1186,8,99.3,0.7,1186,8
2013-11-01,"Nov","2013","S08000028","NHS Western Isles",1164,1150,14,98.8,1.2,1150,14
2013-11-01,"Nov","2013","S08000029","NHS Fife",13376,13288,88,99.3,0.7,13288,88
2013-11-01,"Nov","2013","S08000030","NHS Tayside",16398,16304,94,99.4,0.6,16304,94
2013-11-01,"Nov","2013","S08000031","NHS Greater Glasgow and Clyde",71638,66484,5154,92.8,7.2,66484,5154
2013-11-01,"Nov","2013","S08000032","NHS Lanarkshire",29154,26904,2250,92.3,7.7,26904,2250
2013-12-01,"Dec","2013","S08000015","NHS Ayrshire and Arran",18792,17502,1290,93.1,6.9,17502,1290
2013-12-01,"Dec","2013","S08000016","NHS Borders",4460,4366,94,97.9,2.1,4366,94
2013-12-01,"Dec","2013","S08000017","NHS Dumfries and Galloway",7680,7344,336,95.6,4.4,7344,336
2013-12-01,"Dec","2013","S08000019","NHS Forth Valley",11218,10496,722,93.6,6.4,10496,722
2013-12-01,"Dec","2013","S08000020","NHS Grampian",23844,22600,1244,94.8,5.2,22600,1244
2013-12-01,"Dec","2013","S08000022","NHS Highland",15128,14594,534,96.5,3.5,14594,534
2013-12-01,"Dec","2013","S08000024","NHS Lothian",39564,36518,3046,92.3,7.7,36518,3046
2013-12-01,"Dec","2013","S08000025","NHS Orkney",788,778,10,98.7,1.3,778,10
2013-12-01,"Dec","2013","S08000026","NHS Shetland",1274,1254,20,98.4,1.6,1254,20
2013-12-01,"Dec","2013","S08000028","NHS Western Isles",1132,1112,20,98.2,1.8,1112,20
2013-12-01,"Dec","2013","S08000029","NHS Fife",13292,13094,198,98.5,1.5,13094,198
2013-12-01,"Dec","2013","S08000030","NHS Tayside",16992,16850,142,99.2,0.8,16850,142
2013-12-01,"Dec","2013","S08000031","NHS Greater Glasgow and Clyde",70822,64178,6644,90.6,9.4,64178,6644
2013-12-01,"Dec","2013","S08000032","NHS Lanarkshire",28596,26322,2274,92,8,26322,2274
2014-01-01,"Jan","2014","S08000015","NHS Ayrshire and Arran",19106,16882,2224,88.4,11.6,16882,2224
2014-01-01,"Jan","2014","S08000016","NHS Borders",4492,4330,162,96.4,3.6,4330,162
2014-01-01,"Jan","2014","S08000017","NHS Dumfries and Galloway",7456,7122,334,95.5,4.5,7122,334
2014-01-01,"Jan","2014","S08000019","NHS Forth Valley",11718,10926,792,93.2,6.8,10926,792
2014-01-01,"Jan","2014","S08000020","NHS Grampian",22192,21182,1010,95.4,4.6,21182,1010
2014-01-01,"Jan","2014","S08000022","NHS Highland",14774,14356,418,97.2,2.8,14356,418
2014-01-01,"Jan","2014","S08000024","NHS Lothian",40684,36762,3922,90.4,9.6,36762,3922
2014-01-01,"Jan","2014","S08000025","NHS Orkney",784,764,20,97.4,2.6,764,20
2014-01-01,"Jan","2014","S08000026","NHS Shetland",1310,1280,30,97.7,2.3,1280,30
2014-01-01,"Jan","2014","S08000028","NHS Western Isles",1054,1038,16,98.5,1.5,1038,16
2014-01-01,"Jan","2014","S08000029","NHS Fife",13778,13416,362,97.4,2.6,13416,362
2014-01-01,"Jan","2014","S08000030","NHS Tayside",16946,16798,148,99.1,0.9,16798,148
2014-01-01,"Jan","2014","S08000031","NHS Greater Glasgow and Clyde",72884,65642,7242,90.1,9.9,65642,7242
2014-01-01,"Jan","2014","S08000032","NHS Lanarkshire",30392,27010,3382,88.9,11.1,27010,3382
2014-02-01,"Feb","2014","S08000015","NHS Ayrshire and Arran",17716,16360,1356,92.3,7.7,16360,1356
2014-02-01,"Feb","2014","S08000016","NHS Borders",3960,3834,126,96.8,3.2,3834,126
2014-02-01,"Feb","2014","S08000017","NHS Dumfries and Galloway",7060,6614,446,93.7,6.3,6614,446
2014-02-01,"Feb","2014","S08000019","NHS Forth Valley",10850,10590,260,97.6,2.4,10590,260
2014-02-01,"Feb","2014","S08000020","NHS Grampian",21754,20358,1396,93.6,6.4,20358,1396
2014-02-01,"Feb","2014","S08000022","NHS Highland",13694,13290,404,97,3,13290,404
2014-02-01,"Feb","2014","S08000024","NHS Lothian",38644,35712,2932,92.4,7.6,35712,2932
2014-02-01,"Feb","2014","S08000025","NHS Orkney",684,674,10,98.5,1.5,674,10
2014-02-01,"Feb","2014","S08000026","NHS Shetland",1250,1210,40,96.8,3.2,1210,40
2014-02-01,"Feb","2014","S08000028","NHS Western Isles",1004,978,26,97.4,2.6,978,26
2014-02-01,"Feb","2014","S08000029","NHS Fife",13482,12942,540,96,4,12942,540
2014-02-01,"Feb","2014","S08000030","NHS Tayside",16556,16444,112,99.3,0.7,16444,112
2014-02-01,"Feb","2014","S08000031","NHS Greater Glasgow and Clyde",69768,61750,8018,88.5,11.5,61750,8018
2014-02-01,"Feb","2014","S08000032","NHS Lanarkshire",28690,24342,4348,84.8,15.2,24342,4348
2014-03-01,"Mar","2014","S08000015","NHS Ayrshire and Arran",21174,19842,1332,93.7,6.3,19842,1332
2014-03-01,"Mar","2014","S08000016","NHS Borders",4800,4704,96,98,2,4704,96
2014-03-01,"Mar","2014","S08000017","NHS Dumfries and Galloway",8046,7786,260,96.8,3.2,7786,260
2014-03-01,"Mar","2014","S08000019","NHS Forth Valley",13260,12884,376,97.2,2.8,12884,376
2014-03-01,"Mar","2014","S08000020","NHS Grampian",24880,23630,1250,95,5,23630,1250
2014-03-01,"Mar","2014","S08000022","NHS Highland",16300,15770,530,96.7,3.3,15770,530
2014-03-01,"Mar","2014","S08000024","NHS Lothian",44902,41416,3486,92.2,7.8,41416,3486
2014-03-01,"Mar","2014","S08000025","NHS Orkney",836,826,10,98.8,1.2,826,10
2014-03-01,"Mar","2014","S08000026","NHS Shetland",1426,1408,18,98.7,1.3,1408,18
2014-03-01,"Mar","2014","S08000028","NHS Western Isles",1368,1342,26,98.1,1.9,1342,26
2014-03-01,"Mar","2014","S08000029","NHS Fife",15814,15144,670,95.8,4.2,15144,670
2014-03-01,"Mar","2014","S08000030","NHS Tayside",19340,19196,144,99.3,0.7,19196,144
2014-03-01,"Mar","2014","S08000031","NHS Greater Glasgow and Clyde",79040,70832,8208,89.6,10.4,70832,8208
2014-03-01,"Mar","2014","S08000032","NHS Lanarkshire",32604,30136,2468,92.4,7.6,30136,2468
2014-04-01,"Apr","2014","S08000015","NHS Ayrshire and Arran",21340,20208,1132,94.7,5.3,20208,1132
2014-04-01,"Apr","2014","S08000016","NHS Borders",4844,4660,184,96.2,3.8,4660,184
2014-04-01,"Apr","2014","S08000017","NHS Dumfries and Galloway",8080,7742,338,95.8,4.2,7742,338
2014-04-01,"Apr","2014","S08000019","NHS Forth Valley",12868,12278,590,95.4,4.6,12278,590
2014-04-01,"Apr","2014","S08000020","NHS Grampian",23816,22762,1054,95.6,4.4,22762,1054
2014-04-01,"Apr","2014","S08000022","NHS Highland",16710,16220,490,97.1,2.9,16220,490
2014-04-01,"Apr","2014","S08000024","NHS Lothian",41750,39124,2626,93.7,6.3,39124,2626
2014-04-01,"Apr","2014","S08000025","NHS Orkney",870,860,10,98.9,1.1,860,10
2014-04-01,"Apr","2014","S08000026","NHS Shetland",1334,1288,46,96.6,3.4,1288,46
2014-04-01,"Apr","2014","S08000028","NHS Western Isles",1372,1348,24,98.3,1.7,1348,24
2014-04-01,"Apr","2014","S08000029","NHS Fife",14870,14114,756,94.9,5.1,14114,756
2014-04-01,"Apr","2014","S08000030","NHS Tayside",18896,18780,116,99.4,0.6,18780,116
2014-04-01,"Apr","2014","S08000031","NHS Greater Glasgow and Clyde",76366,68088,8278,89.2,10.8,68088,8278
2014-04-01,"Apr","2014","S08000032","NHS Lanarkshire",31744,28082,3662,88.5,11.5,28082,3662
2014-05-01,"May","2014","S08000015","NHS Ayrshire and Arran",22184,20284,1900,91.4,8.6,20284,1900
2014-05-01,"May","2014","S08000016","NHS Borders",5282,5094,188,96.4,3.6,5094,188
2014-05-01,"May","2014","S08000017","NHS Dumfries and Galloway",8528,8346,182,97.9,2.1,8346,182
2014-05-01,"May","2014","S08000019","NHS Forth Valley",13842,12962,880,93.6,6.4,12962,880
2014-05-01,"May","2014","S08000020","NHS Grampian",25640,24334,1306,94.9,5.1,24334,1306
2014-05-01,"May","2014","S08000022","NHS Highland",18378,17672,706,96.2,3.8,17672,706
2014-05-01,"May","2014","S08000024","NHS Lothian",44340,41616,2724,93.9,6.1,41616,2724
2014-05-01,"May","2014","S08000025","NHS Orkney",1000,982,18,98.2,1.8,982,18
2014-05-01,"May","2014","S08000026","NHS Shetland",1444,1390,54,96.3,3.7,1390,54
2014-05-01,"May","2014","S08000028","NHS Western Isles",1400,1368,32,97.7,2.3,1368,32
2014-05-01,"May","2014","S08000029","NHS Fife",16300,15732,568,96.5,3.5,15732,568
2014-05-01,"May","2014","S08000030","NHS Tayside",20176,20002,174,99.1,0.9,20002,174
2014-05-01,"May","2014","S08000031","NHS Greater Glasgow and Clyde",81304,72932,8372,89.7,10.3,72932,8372
2014-05-01,"May","2014","S08000032","NHS Lanarkshire",33532,29346,4186,87.5,12.5,29346,4186
2014-06-01,"Jun","2014","S08000015","NHS Ayrshire and Arran",21986,21132,854,96.1,3.9,21132,854
2014-06-01,"Jun","2014","S08000016","NHS Borders",4948,4710,238,95.2,4.8,4710,238
2014-06-01,"Jun","2014","S08000017","NHS Dumfries and Galloway",8430,8252,178,97.9,2.1,8252,178
2014-06-01,"Jun","2014","S08000019","NHS Forth Valley",14098,13210,888,93.7,6.3,13210,888
2014-06-01,"Jun","2014","S08000020","NHS Grampian",24822,23856,966,96.1,3.9,23856,966
2014-06-01,"Jun","2014","S08000022","NHS Highland",19248,18714,534,97.2,2.8,18714,534
2014-06-01,"Jun","2014","S08000024","NHS Lothian",43792,41428,2364,94.6,5.4,41428,2364
2014-06-01,"Jun","2014","S08000025","NHS Orkney",928,906,22,97.6,2.4,906,22
2014-06-01,"Jun","2014","S08000026","NHS Shetland",1418,1366,52,96.3,3.7,1366,52
2014-06-01,"Jun","2014","S08000028","NHS Western Isles",1418,1398,20,98.6,1.4,1398,20
2014-06-01,"Jun","2014","S08000029","NHS Fife",15926,15122,804,95,5,15122,804
2014-06-01,"Jun","2014","S08000030","NHS Tayside",19466,19360,106,99.5,0.5,19360,106
2014-06-01,"Jun","2014","S08000031","NHS Greater Glasgow and Clyde",79708,72800,6908,91.3,8.7,72800,6908
2014-06-01,"Jun","2014","S08000032","NHS Lanarkshire",33436,29982,3454,89.7,10.3,29982,3454
2014-07-01,"Jul","2014","S08000015","NHS Ayrshire and Arran",22104,21428,676,96.9,3.1,21428,676
2014-07-01,"Jul","2014","S08000016","NHS Borders",5098,4960,138,97.3,2.7,4960,138
2014-07-01,"Jul","2014","S08000017","NHS Dumfries and Galloway",8652,8428,224,97.4,2.6,8428,224
2014-07-01,"Jul","2014","S08000019","NHS Forth Valley",13776,12978,798,94.2,5.8,12978,798
2014-07-01,"Jul","2014","S08000020","NHS Grampian",24326,23376,950,96.1,3.9,23376,950
2014-07-01,"Jul","2014","S08000022","NHS Highland",19390,18924,466,97.6,2.4,18924,466
2014-07-01,"Jul","2014","S08000024","NHS Lothian",42572,40216,2356,94.5,5.5,40216,2356
2014-07-01,"Jul","2014","S08000025","NHS Orkney",978,968,10,99,1,968,10
2014-07-01,"Jul","2014","S08000026","NHS Shetland",1406,1360,46,96.7,3.3,1360,46
2014-07-01,"Jul","2014","S08000028","NHS Western Isles",1712,1682,30,98.2,1.8,1682,30
2014-07-01,"Jul","2014","S08000029","NHS Fife",15828,15138,690,95.6,4.4,15138,690
2014-07-01,"Jul","2014","S08000030","NHS Tayside",20414,20264,150,99.3,0.7,20264,150
2014-07-01,"Jul","2014","S08000031","NHS Greater Glasgow and Clyde",78746,73032,5714,92.7,7.3,73032,5714
2014-07-01,"Jul","2014","S08000032","NHS Lanarkshire",33400,29946,3454,89.7,10.3,29946,3454
2014-08-01,"Aug","2014","S08000015","NHS Ayrshire and Arran",20978,20204,774,96.3,3.7,20204,774
2014-08-01,"Aug","2014","S08000016","NHS Borders",5026,4782,244,95.1,4.9,4782,244
2014-08-01,"Aug","2014","S08000017","NHS Dumfries and Galloway",8468,8154,314,96.3,3.7,8154,314
2014-08-01,"Aug","2014","S08000019","NHS Forth Valley",13520,12560,960,92.9,7.1,12560,960
2014-08-01,"Aug","2014","S08000020","NHS Grampian",24038,22738,1300,94.6,5.4,22738,1300
2014-08-01,"Aug","2014","S08000022","NHS Highland",18952,18368,584,96.9,3.1,18368,584
2014-08-01,"Aug","2014","S08000024","NHS Lothian",43518,40472,3046,93,7,40472,3046
2014-08-01,"Aug","2014","S08000025","NHS Orkney",1004,990,14,98.6,1.4,990,14
2014-08-01,"Aug","2014","S08000026","NHS Shetland",1460,1412,48,96.7,3.3,1412,48
2014-08-01,"Aug","2014","S08000028","NHS Western Isles",1514,1488,26,98.3,1.7,1488,26
2014-08-01,"Aug","2014","S08000029","NHS Fife",15228,14524,704,95.4,4.6,14524,704
2014-08-01,"Aug","2014","S08000030","NHS Tayside",19448,19296,152,99.2,0.8,19296,152
2014-08-01,"Aug","2014","S08000031","NHS Greater Glasgow and Clyde",77926,69898,8028,89.7,10.3,69898,8028
2014-08-01,"Aug","2014","S08000032","NHS Lanarkshire",32844,29626,3218,90.2,9.8,29626,3218
2014-09-01,"Sep","2014","S08000015","NHS Ayrshire and Arran",21270,20200,1070,95,5,20200,1070
2014-09-01,"Sep","2014","S08000016","NHS Borders",5100,4858,242,95.3,4.7,4858,242
2014-09-01,"Sep","2014","S08000017","NHS Dumfries and Galloway",8390,8136,254,97,3,8136,254
2014-09-01,"Sep","2014","S08000019","NHS Forth Valley",13846,12844,1002,92.8,7.2,12844,1002
2014-09-01,"Sep","2014","S08000020","NHS Grampian",24924,23578,1346,94.6,5.4,23578,1346
2014-09-01,"Sep","2014","S08000022","NHS Highland",17624,17126,498,97.2,2.8,17126,498
2014-09-01,"Sep","2014","S08000024","NHS Lothian",44614,41882,2732,93.9,6.1,41882,2732
2014-09-01,"Sep","2014","S08000025","NHS Orkney",878,872,6,99.3,0.7,872,6
2014-09-01,"Sep","2014","S08000026","NHS Shetland",1350,1294,56,95.9,4.1,1294,56
2014-09-01,"Sep","2014","S08000028","NHS Western Isles",1320,1302,18,98.6,1.4,1302,18
2014-09-01,"Sep","2014","S08000029","NHS Fife",15614,15010,604,96.1,3.9,15010,604
2014-09-01,"Sep","2014","S08000030","NHS Tayside",19030,18814,216,98.9,1.1,18814,216
2014-09-01,"Sep","2014","S08000031","NHS Greater Glasgow and Clyde",78590,71932,6658,91.5,8.5,71932,6658
2014-09-01,"Sep","2014","S08000032","NHS Lanarkshire",32534,28706,3828,88.2,11.8,28706,3828
2014-10-01,"Oct","2014","S08000015","NHS Ayrshire and Arran",19818,18214,1604,91.9,8.1,18214,1604
2014-10-01,"Oct","2014","S08000016","NHS Borders",4532,4384,148,96.7,3.3,4384,148
2014-10-01,"Oct","2014","S08000017","NHS Dumfries and Galloway",7684,7368,316,95.9,4.1,7368,316
2014-10-01,"Oct","2014","S08000019","NHS Forth Valley",12624,11516,1108,91.2,8.8,11516,1108
2014-10-01,"Oct","2014","S08000020","NHS Grampian",22144,20718,1426,93.6,6.4,20718,1426
2014-10-01,"Oct","2014","S08000022","NHS Highland",15502,15000,502,96.8,3.2,15000,502
2014-10-01,"Oct","2014","S08000024","NHS Lothian",43100,39936,3164,92.7,7.3,39936,3164
2014-10-01,"Oct","2014","S08000025","NHS Orkney",802,798,4,99.5,0.5,798,4
2014-10-01,"Oct","2014","S08000026","NHS Shetland",1196,1132,64,94.6,5.4,1132,64
2014-10-01,"Oct","2014","S08000028","NHS Western Isles",1262,1228,34,97.3,2.7,1228,34
2014-10-01,"Oct","2014","S08000029","NHS Fife",14292,13092,1200,91.6,8.4,13092,1200
2014-10-01,"Oct","2014","S08000030","NHS Tayside",18016,17878,138,99.2,0.8,17878,138
2014-10-01,"Oct","2014","S08000031","NHS Greater Glasgow and Clyde",75058,66956,8102,89.2,10.8,66956,8102
2014-10-01,"Oct","2014","S08000032","NHS Lanarkshire",30896,26888,4008,87,13,26888,4008
2014-11-01,"Nov","2014","S08000015","NHS Ayrshire and Arran",19286,17612,1674,91.3,8.7,17612,1674
2014-11-01,"Nov","2014","S08000016","NHS Borders",4154,4062,92,97.8,2.2,4062,92
2014-11-01,"Nov","2014","S08000017","NHS Dumfries and Galloway",7298,7112,186,97.5,2.5,7112,186
2014-11-01,"Nov","2014","S08000019","NHS Forth Valley",12008,11092,916,92.4,7.6,11092,916
2014-11-01,"Nov","2014","S08000020","NHS Grampian",22064,20966,1098,95,5,20966,1098
2014-11-01,"Nov","2014","S08000022","NHS Highland",14826,14490,336,97.7,2.3,14490,336
2014-11-01,"Nov","2014","S08000024","NHS Lothian",42642,40174,2468,94.2,5.8,40174,2468
2014-11-01,"Nov","2014","S08000025","NHS Orkney",784,780,4,99.5,0.5,780,4
2014-11-01,"Nov","2014","S08000026","NHS Shetland",1132,1098,34,97,3,1098,34
2014-11-01,"Nov","2014","S08000028","NHS Western Isles",1158,1142,16,98.6,1.4,1142,16
2014-11-01,"Nov","2014","S08000029","NHS Fife",13630,12970,660,95.2,4.8,12970,660
2014-11-01,"Nov","2014","S08000030","NHS Tayside",17610,17438,172,99,1,17438,172
2014-11-01,"Nov","2014","S08000031","NHS Greater Glasgow and Clyde",75168,66466,8702,88.4,11.6,66466,8702
2014-11-01,"Nov","2014","S08000032","NHS Lanarkshire",30122,24994,5128,83,17,24994,5128
2014-12-01,"Dec","2014","S08000015","NHS Ayrshire and Arran",19356,17324,2032,89.5,10.5,17324,2032
2014-12-01,"Dec","2014","S08000016","NHS Borders",4756,4334,422,91.1,8.9,4334,422
2014-12-01,"Dec","2014","S08000017","NHS Dumfries and Galloway",7368,7160,208,97.2,2.8,7160,208
2014-12-01,"Dec","2014","S08000019","NHS Forth Valley",11752,9896,1856,84.2,15.8,9896,1856
2014-12-01,"Dec","2014","S08000020","NHS Grampian",22550,21284,1266,94.4,5.6,21284,1266
2014-12-01,"Dec","2014","S08000022","NHS Highland",14476,14024,452,96.9,3.1,14024,452
2014-12-01,"Dec","2014","S08000024","NHS Lothian",42420,39190,3230,92.4,7.6,39190,3230
2014-12-01,"Dec","2014","S08000025","NHS Orkney",838,828,10,98.8,1.2,828,10
2014-12-01,"Dec","2014","S08000026","NHS Shetland",1164,1142,22,98.1,1.9,1142,22
2014-12-01,"Dec","2014","S08000028","NHS Western Isles",1146,1112,34,97,3,1112,34
2014-12-01,"Dec","2014","S08000029","NHS Fife",13720,12476,1244,90.9,9.1,12476,1244
2014-12-01,"Dec","2014","S08000030","NHS Tayside",17398,17194,204,98.8,1.2,17194,204
2014-12-01,"Dec","2014","S08000031","NHS Greater Glasgow and Clyde",72232,61022,11210,84.5,15.5,61022,11210
2014-12-01,"Dec","2014","S08000032","NHS Lanarkshire",29334,25370,3964,86.5,13.5,25370,3964
2015-01-01,"Jan","2015","S08000015","NHS Ayrshire and Arran",19426,15950,3476,82.1,17.9,15950,3476
2015-01-01,"Jan","2015","S08000016","NHS Borders",4714,4254,460,90.2,9.8,4254,460
2015-01-01,"Jan","2015","S08000017","NHS Dumfries and Galloway",7364,7074,290,96.1,3.9,7074,290
2015-01-01,"Jan","2015","S08000019","NHS Forth Valley",11762,10468,1294,89,11,10468,1294
2015-01-01,"Jan","2015","S08000020","NHS Grampian",22750,20456,2294,89.9,10.1,20456,2294
2015-01-01,"Jan","2015","S08000022","NHS Highland",14670,14206,464,96.8,3.2,14206,464
2015-01-01,"Jan","2015","S08000024","NHS Lothian",41396,36104,5292,87.2,12.8,36104,5292
2015-01-01,"Jan","2015","S08000025","NHS Orkney",812,804,8,99,1,804,8
2015-01-01,"Jan","2015","S08000026","NHS Shetland",1382,1352,30,97.8,2.2,1352,30
2015-01-01,"Jan","2015","S08000028","NHS Western Isles",1294,1262,32,97.5,2.5,1262,32
2015-01-01,"Jan","2015","S08000029","NHS Fife",13616,12614,1002,92.6,7.4,12614,1002
2015-01-01,"Jan","2015","S08000030","NHS Tayside",16830,16694,136,99.2,0.8,16694,136
2015-01-01,"Jan","2015","S08000031","NHS Greater Glasgow and Clyde",72298,57750,14548,79.9,20.1,57750,14548
2015-01-01,"Jan","2015","S08000032","NHS Lanarkshire",30102,26180,3922,87,13,26180,3922
2015-02-01,"Feb","2015","S08000015","NHS Ayrshire and Arran",17618,14566,3052,82.7,17.3,14566,3052
2015-02-01,"Feb","2015","S08000016","NHS Borders",4380,4004,376,91.4,8.6,4004,376
2015-02-01,"Feb","2015","S08000017","NHS Dumfries and Galloway",6922,6526,396,94.3,5.7,6526,396
2015-02-01,"Feb","2015","S08000019","NHS Forth Valley",11072,10596,476,95.7,4.3,10596,476
2015-02-01,"Feb","2015","S08000020","NHS Grampian",21060,19312,1748,91.7,8.3,19312,1748
2015-02-01,"Feb","2015","S08000022","NHS Highland",13738,13278,460,96.7,3.3,13278,460
2015-02-01,"Feb","2015","S08000024","NHS Lothian",38864,35604,3260,91.6,8.4,35604,3260
2015-02-01,"Feb","2015","S08000025","NHS Orkney",706,684,22,96.9,3.1,684,22
2015-02-01,"Feb","2015","S08000026","NHS Shetland",1146,1120,26,97.7,2.3,1120,26
2015-02-01,"Feb","2015","S08000028","NHS Western Isles",1122,1092,30,97.3,2.7,1092,30
2015-02-01,"Feb","2015","S08000029","NHS Fife",13396,12164,1232,90.8,9.2,12164,1232
2015-02-01,"Feb","2015","S08000030","NHS Tayside",16004,15872,132,99.2,0.8,15872,132
2015-02-01,"Feb","2015","S08000031","NHS Greater Glasgow and Clyde",67890,54016,13874,79.6,20.4,54016,13874
2015-02-01,"Feb","2015","S08000032","NHS Lanarkshire",28624,24478,4146,85.5,14.5,24478,4146
2015-03-01,"Mar","2015","S08000015","NHS Ayrshire and Arran",20532,18034,2498,87.8,12.2,18034,2498
2015-03-01,"Mar","2015","S08000016","NHS Borders",5030,4616,414,91.8,8.2,4616,414
2015-03-01,"Mar","2015","S08000017","NHS Dumfries and Galloway",7916,7660,256,96.8,3.2,7660,256
2015-03-01,"Mar","2015","S08000019","NHS Forth Valley",13132,12296,836,93.6,6.4,12296,836
2015-03-01,"Mar","2015","S08000020","NHS Grampian",23928,22722,1206,95,5,22722,1206
2015-03-01,"Mar","2015","S08000022","NHS Highland",16022,15606,416,97.4,2.6,15606,416
2015-03-01,"Mar","2015","S08000024","NHS Lothian",44012,40776,3236,92.6,7.4,40776,3236
2015-03-01,"Mar","2015","S08000025","NHS Orkney",782,780,2,99.7,0.3,780,2
2015-03-01,"Mar","2015","S08000026","NHS Shetland",1308,1272,36,97.2,2.8,1272,36
2015-03-01,"Mar","2015","S08000028","NHS Western Isles",1218,1206,12,99,1,1206,12
2015-03-01,"Mar","2015","S08000029","NHS Fife",15086,13958,1128,92.5,7.5,13958,1128
2015-03-01,"Mar","2015","S08000030","NHS Tayside",17904,17782,122,99.3,0.7,17782,122
2015-03-01,"Mar","2015","S08000031","NHS Greater Glasgow and Clyde",76486,67720,8766,88.5,11.5,67720,8766
2015-03-01,"Mar","2015","S08000032","NHS Lanarkshire",31764,29160,2604,91.8,8.2,29160,2604
2015-04-01,"Apr","2015","S08000015","NHS Ayrshire and Arran",19802,17476,2326,88.3,11.7,17476,2326
2015-04-01,"Apr","2015","S08000016","NHS Borders",4888,4648,240,95.1,4.9,4648,240
2015-04-01,"Apr","2015","S08000017","NHS Dumfries and Galloway",7612,7322,290,96.2,3.8,7322,290
2015-04-01,"Apr","2015","S08000019","NHS Forth Valley",12976,12170,806,93.8,6.2,12170,806
2015-04-01,"Apr","2015","S08000020","NHS Grampian",22754,21726,1028,95.5,4.5,21726,1028
2015-04-01,"Apr","2015","S08000022","NHS Highland",16404,15978,426,97.4,2.6,15978,426
2015-04-01,"Apr","2015","S08000024","NHS Lothian",42330,39618,2712,93.6,6.4,39618,2712
2015-04-01,"Apr","2015","S08000025","NHS Orkney",818,800,18,97.8,2.2,800,18
2015-04-01,"Apr","2015","S08000026","NHS Shetland",1242,1206,36,97.1,2.9,1206,36
2015-04-01,"Apr","2015","S08000028","NHS Western Isles",1424,1386,38,97.3,2.7,1386,38
2015-04-01,"Apr","2015","S08000029","NHS Fife",15080,14346,734,95.1,4.9,14346,734
2015-04-01,"Apr","2015","S08000030","NHS Tayside",19098,18884,214,98.9,1.1,18884,214
2015-04-01,"Apr","2015","S08000031","NHS Greater Glasgow and Clyde",74128,66658,7470,89.9,10.1,66658,7470
2015-04-01,"Apr","2015","S08000032","NHS Lanarkshire",30840,27844,2996,90.3,9.7,27844,2996
2015-05-01,"May","2015","S08000015","NHS Ayrshire and Arran",21106,18732,2374,88.8,11.2,18732,2374
2015-05-01,"May","2015","S08000016","NHS Borders",5098,4928,170,96.7,3.3,4928,170
2015-05-01,"May","2015","S08000017","NHS Dumfries and Galloway",8140,7918,222,97.3,2.7,7918,222
2015-05-01,"May","2015","S08000019","NHS Forth Valley",13464,12484,980,92.7,7.3,12484,980
2015-05-01,"May","2015","S08000020","NHS Grampian",23534,22672,862,96.3,3.7,22672,862
2015-05-01,"May","2015","S08000022","NHS Highland",17740,17120,620,96.5,3.5,17120,620
2015-05-01,"May","2015","S08000024","NHS Lothian",43470,40896,2574,94.1,5.9,40896,2574
2015-05-01,"May","2015","S08000025","NHS Orkney",966,948,18,98.1,1.9,948,18
2015-05-01,"May","2015","S08000026","NHS Shetland",1348,1324,24,98.2,1.8,1324,24
2015-05-01,"May","2015","S08000028","NHS Western Isles",1460,1448,12,99.2,0.8,1448,12
2015-05-01,"May","2015","S08000029","NHS Fife",15590,15242,348,97.8,2.2,15242,348
2015-05-01,"May","2015","S08000030","NHS Tayside",19280,19128,152,99.2,0.8,19128,152
2015-05-01,"May","2015","S08000031","NHS Greater Glasgow and Clyde",72766,65904,6862,90.6,9.4,65904,6862
2015-05-01,"May","2015","S08000032","NHS Lanarkshire",32170,29402,2768,91.4,8.6,29402,2768
2015-06-01,"Jun","2015","S08000015","NHS Ayrshire and Arran",20846,19178,1668,92,8,19178,1668
2015-06-01,"Jun","2015","S08000016","NHS Borders",4898,4732,166,96.6,3.4,4732,166
2015-06-01,"Jun","2015","S08000017","NHS Dumfries and Galloway",8012,7810,202,97.5,2.5,7810,202
2015-06-01,"Jun","2015","S08000019","NHS Forth Valley",13676,12762,914,93.3,6.7,12762,914
2015-06-01,"Jun","2015","S08000020","NHS Grampian",24126,23098,1028,95.7,4.3,23098,1028
2015-06-01,"Jun","2015","S08000022","NHS Highland",17214,16826,388,97.7,2.3,16826,388
2015-06-01,"Jun","2015","S08000024","NHS Lothian",43096,40816,2280,94.7,5.3,40816,2280
2015-06-01,"Jun","2015","S08000025","NHS Orkney",996,988,8,99.2,0.8,988,8
2015-06-01,"Jun","2015","S08000026","NHS Shetland",1278,1226,52,95.9,4.1,1226,52
2015-06-01,"Jun","2015","S08000028","NHS Western Isles",1438,1418,20,98.6,1.4,1418,20
2015-06-01,"Jun","2015","S08000029","NHS Fife",16018,15562,456,97.2,2.8,15562,456
2015-06-01,"Jun","2015","S08000030","NHS Tayside",18506,18266,240,98.7,1.3,18266,240
2015-06-01,"Jun","2015","S08000031","NHS Greater Glasgow and Clyde",67310,61808,5502,91.8,8.2,61808,5502
2015-06-01,"Jun","2015","S08000032","NHS Lanarkshire",32070,29716,2354,92.7,7.3,29716,2354
2015-07-01,"Jul","2015","S08000015","NHS Ayrshire and Arran",20566,19648,918,95.5,4.5,19648,918
2015-07-01,"Jul","2015","S08000016","NHS Borders",4464,4342,122,97.3,2.7,4342,122
2015-07-01,"Jul","2015","S08000017","NHS Dumfries and Galloway",8272,8066,206,97.5,2.5,8066,206
2015-07-01,"Jul","2015","S08000019","NHS Forth Valley",12880,12070,810,93.7,6.3,12070,810
2015-07-01,"Jul","2015","S08000020","NHS Grampian",23170,22488,682,97.1,2.9,22488,682
2015-07-01,"Jul","2015","S08000022","NHS Highland",18620,18216,404,97.8,2.2,18216,404
2015-07-01,"Jul","2015","S08000024","NHS Lothian",41280,38768,2512,93.9,6.1,38768,2512
2015-07-01,"Jul","2015","S08000025","NHS Orkney",1074,1042,32,97,3,1042,32
2015-07-01,"Jul","2015","S08000026","NHS Shetland",1330,1278,52,96.1,3.9,1278,52
2015-07-01,"Jul","2015","S08000028","NHS Western Isles",1606,1588,18,98.9,1.1,1588,18
2015-07-01,"Jul","2015","S08000029","NHS Fife",15058,14824,234,98.4,1.6,14824,234
2015-07-01,"Jul","2015","S08000030","NHS Tayside",18488,18340,148,99.2,0.8,18340,148
2015-07-01,"Jul","2015","S08000031","NHS Greater Glasgow and Clyde",65704,62550,3154,95.2,4.8,62550,3154
2015-07-01,"Jul","2015","S08000032","NHS Lanarkshire",31332,29644,1688,94.6,5.4,29644,1688
2015-08-01,"Aug","2015","S08000015","NHS Ayrshire and Arran",21234,20212,1022,95.2,4.8,20212,1022
2015-08-01,"Aug","2015","S08000016","NHS Borders",4958,4798,160,96.8,3.2,4798,160
2015-08-01,"Aug","2015","S08000017","NHS Dumfries and Galloway",8508,8334,174,98,2,8334,174
2015-08-01,"Aug","2015","S08000019","NHS Forth Valley",13792,13278,514,96.3,3.7,13278,514
2015-08-01,"Aug","2015","S08000020","NHS Grampian",25390,24346,1044,95.9,4.1,24346,1044
2015-08-01,"Aug","2015","S08000022","NHS Highland",19376,18824,552,97.2,2.8,18824,552
2015-08-01,"Aug","2015","S08000024","NHS Lothian",45412,42914,2498,94.5,5.5,42914,2498
2015-08-01,"Aug","2015","S08000025","NHS Orkney",998,984,14,98.6,1.4,984,14
2015-08-01,"Aug","2015","S08000026","NHS Shetland",1360,1276,84,93.8,6.2,1276,84
2015-08-01,"Aug","2015","S08000028","NHS Western Isles",1668,1652,16,99,1,1652,16
2015-08-01,"Aug","2015","S08000029","NHS Fife",16184,15746,438,97.3,2.7,15746,438
2015-08-01,"Aug","2015","S08000030","NHS Tayside",19420,19266,154,99.2,0.8,19266,154
2015-08-01,"Aug","2015","S08000031","NHS Greater Glasgow and Clyde",71886,67632,4254,94.1,5.9,67632,4254
2015-08-01,"Aug","2015","S08000032","NHS Lanarkshire",33964,31320,2644,92.2,7.8,31320,2644
2015-09-01,"Sep","2015","S08000015","NHS Ayrshire and Arran",20996,19418,1578,92.5,7.5,19418,1578
2015-09-01,"Sep","2015","S08000016","NHS Borders",4824,4670,154,96.8,3.2,4670,154
2015-09-01,"Sep","2015","S08000017","NHS Dumfries and Galloway",8018,7824,194,97.6,2.4,7824,194
2015-09-01,"Sep","2015","S08000019","NHS Forth Valley",13804,13112,692,95,5,13112,692
2015-09-01,"Sep","2015","S08000020","NHS Grampian",24088,23460,628,97.4,2.6,23460,628
2015-09-01,"Sep","2015","S08000022","NHS Highland",17380,17024,356,98,2,17024,356
2015-09-01,"Sep","2015","S08000024","NHS Lothian",44912,42218,2694,94,6,42218,2694
2015-09-01,"Sep","2015","S08000025","NHS Orkney",942,916,26,97.2,2.8,916,26
2015-09-01,"Sep","2015","S08000026","NHS Shetland",1202,1176,26,97.8,2.2,1176,26
2015-09-01,"Sep","2015","S08000028","NHS Western Isles",1496,1490,6,99.6,0.4,1490,6
2015-09-01,"Sep","2015","S08000029","NHS Fife",15536,15108,428,97.2,2.8,15108,428
2015-09-01,"Sep","2015","S08000030","NHS Tayside",18454,18130,324,98.2,1.8,18130,324
2015-09-01,"Sep","2015","S08000031","NHS Greater Glasgow and Clyde",69930,66188,3742,94.6,5.4,66188,3742
2015-09-01,"Sep","2015","S08000032","NHS Lanarkshire",32552,30834,1718,94.7,5.3,30834,1718
2015-10-01,"Oct","2015","S08000015","NHS Ayrshire and Arran",20454,18352,2102,89.7,10.3,18352,2102
2015-10-01,"Oct","2015","S08000016","NHS Borders",4988,4796,192,96.2,3.8,4796,192
2015-10-01,"Oct","2015","S08000017","NHS Dumfries and Galloway",7798,7604,194,97.5,2.5,7604,194
2015-10-01,"Oct","2015","S08000019","NHS Forth Valley",12944,12380,564,95.6,4.4,12380,564
2015-10-01,"Oct","2015","S08000020","NHS Grampian",22304,21634,670,97,3,21634,670
2015-10-01,"Oct","2015","S08000022","NHS Highland",16100,15798,302,98.1,1.9,15798,302
2015-10-01,"Oct","2015","S08000024","NHS Lothian",44108,41640,2468,94.4,5.6,41640,2468
2015-10-01,"Oct","2015","S08000025","NHS Orkney",890,874,16,98.2,1.8,874,16
2015-10-01,"Oct","2015","S08000026","NHS Shetland",1238,1216,22,98.2,1.8,1216,22
2015-10-01,"Oct","2015","S08000028","NHS Western Isles",1296,1290,6,99.5,0.5,1290,6
2015-10-01,"Oct","2015","S08000029","NHS Fife",14956,14550,406,97.3,2.7,14550,406
2015-10-01,"Oct","2015","S08000030","NHS Tayside",17834,17692,142,99.2,0.8,17692,142
2015-10-01,"Oct","2015","S08000031","NHS Greater Glasgow and Clyde",69400,64158,5242,92.4,7.6,64158,5242
2015-10-01,"Oct","2015","S08000032","NHS Lanarkshire",31720,29836,1884,94.1,5.9,29836,1884
2015-11-01,"Nov","2015","S08000015","NHS Ayrshire and Arran",19532,17952,1580,91.9,8.1,17952,1580
2015-11-01,"Nov","2015","S08000016","NHS Borders",4398,4282,116,97.4,2.6,4282,116
2015-11-01,"Nov","2015","S08000017","NHS Dumfries and Galloway",7172,6986,186,97.4,2.6,6986,186
2015-11-01,"Nov","2015","S08000019","NHS Forth Valley",12570,12034,536,95.7,4.3,12034,536
2015-11-01,"Nov","2015","S08000020","NHS Grampian",22298,21632,666,97,3,21632,666
2015-11-01,"Nov","2015","S08000022","NHS Highland",14870,14324,546,96.3,3.7,14324,546
2015-11-01,"Nov","2015","S08000024","NHS Lothian",43482,40650,2832,93.5,6.5,40650,2832
2015-11-01,"Nov","2015","S08000025","NHS Orkney",804,786,18,97.8,2.2,786,18
2015-11-01,"Nov","2015","S08000026","NHS Shetland",1126,1114,12,98.9,1.1,1114,12
2015-11-01,"Nov","2015","S08000028","NHS Western Isles",1182,1174,8,99.3,0.7,1174,8
2015-11-01,"Nov","2015","S08000029","NHS Fife",14136,13574,562,96,4,13574,562
2015-11-01,"Nov","2015","S08000030","NHS Tayside",16662,16444,218,98.7,1.3,16444,218
2015-11-01,"Nov","2015","S08000031","NHS Greater Glasgow and Clyde",66318,62512,3806,94.3,5.7,62512,3806
2015-11-01,"Nov","2015","S08000032","NHS Lanarkshire",30496,28552,1944,93.6,6.4,28552,1944
2015-12-01,"Dec","2015","S08000015","NHS Ayrshire and Arran",19868,19352,516,97.4,2.6,19352,516
2015-12-01,"Dec","2015","S08000016","NHS Borders",3960,3844,116,97.1,2.9,3844,116
2015-12-01,"Dec","2015","S08000017","NHS Dumfries and Galloway",7642,7348,294,96.2,3.8,7348,294
2015-12-01,"Dec","2015","S08000019","NHS Forth Valley",12264,11998,266,97.8,2.2,11998,266
2015-12-01,"Dec","2015","S08000020","NHS Grampian",21498,20780,718,96.7,3.3,20780,718
2015-12-01,"Dec","2015","S08000022","NHS Highland",14918,14492,426,97.1,2.9,14492,426
2015-12-01,"Dec","2015","S08000024","NHS Lothian",41716,38442,3274,92.2,7.8,38442,3274
2015-12-01,"Dec","2015","S08000025","NHS Orkney",878,868,10,98.9,1.1,868,10
2015-12-01,"Dec","2015","S08000026","NHS Shetland",1244,1180,64,94.9,5.1,1180,64
2015-12-01,"Dec","2015","S08000028","NHS Western Isles",1234,1214,20,98.4,1.6,1214,20
2015-12-01,"Dec","2015","S08000029","NHS Fife",13520,13094,426,96.8,3.2,13094,426
2015-12-01,"Dec","2015","S08000030","NHS Tayside",16694,16500,194,98.8,1.2,16500,194
2015-12-01,"Dec","2015","S08000031","NHS Greater Glasgow and Clyde",64866,60954,3912,94,6,60954,3912
2015-12-01,"Dec","2015","S08000032","NHS Lanarkshire",30090,27624,2466,91.8,8.2,27624,2466
2016-01-01,"Jan","2016","S08000015","NHS Ayrshire and Arran",19750,17954,1796,90.9,9.1,17954,1796
2016-01-01,"Jan","2016","S08000016","NHS Borders",4198,4068,130,96.9,3.1,4068,130
2016-01-01,"Jan","2016","S08000017","NHS Dumfries and Galloway",8044,7566,478,94.1,5.9,7566,478
2016-01-01,"Jan","2016","S08000019","NHS Forth Valley",12758,11912,846,93.4,6.6,11912,846
2016-01-01,"Jan","2016","S08000020","NHS Grampian",21806,20998,808,96.3,3.7,20998,808
2016-01-01,"Jan","2016","S08000022","NHS Highland",15258,14678,580,96.2,3.8,14678,580
2016-01-01,"Jan","2016","S08000024","NHS Lothian",43788,38756,5032,88.5,11.5,38756,5032
2016-01-01,"Jan","2016","S08000025","NHS Orkney",914,898,16,98.2,1.8,898,16
2016-01-01,"Jan","2016","S08000026","NHS Shetland",1214,1162,52,95.7,4.3,1162,52
2016-01-01,"Jan","2016","S08000028","NHS Western Isles",1246,1236,10,99.2,0.8,1236,10
2016-01-01,"Jan","2016","S08000029","NHS Fife",14234,13400,834,94.1,5.9,13400,834
2016-01-01,"Jan","2016","S08000030","NHS Tayside",16850,16660,190,98.9,1.1,16660,190
2016-01-01,"Jan","2016","S08000031","NHS Greater Glasgow and Clyde",66824,60028,6796,89.8,10.2,60028,6796
2016-01-01,"Jan","2016","S08000032","NHS Lanarkshire",32156,28484,3672,88.6,11.4,28484,3672
2016-02-01,"Feb","2016","S08000015","NHS Ayrshire and Arran",19648,17752,1896,90.4,9.6,17752,1896
2016-02-01,"Feb","2016","S08000016","NHS Borders",4142,3946,196,95.3,4.7,3946,196
2016-02-01,"Feb","2016","S08000017","NHS Dumfries and Galloway",7314,6954,360,95.1,4.9,6954,360
2016-02-01,"Feb","2016","S08000019","NHS Forth Valley",12586,11838,748,94.1,5.9,11838,748
2016-02-01,"Feb","2016","S08000020","NHS Grampian",21976,21166,810,96.3,3.7,21166,810
2016-02-01,"Feb","2016","S08000022","NHS Highland",15134,14442,692,95.4,4.6,14442,692
2016-02-01,"Feb","2016","S08000024","NHS Lothian",43002,37860,5142,88,12,37860,5142
2016-02-01,"Feb","2016","S08000025","NHS Orkney",806,798,8,99,1,798,8
2016-02-01,"Feb","2016","S08000026","NHS Shetland",1206,1128,78,93.5,6.5,1128,78
2016-02-01,"Feb","2016","S08000028","NHS Western Isles",1208,1196,12,99,1,1196,12
2016-02-01,"Feb","2016","S08000029","NHS Fife",14466,13868,598,95.9,4.1,13868,598
2016-02-01,"Feb","2016","S08000030","NHS Tayside",16632,16452,180,98.9,1.1,16452,180
2016-02-01,"Feb","2016","S08000031","NHS Greater Glasgow and Clyde",66674,61764,4910,92.6,7.4,61764,4910
2016-02-01,"Feb","2016","S08000032","NHS Lanarkshire",30830,28434,2396,92.2,7.8,28434,2396
2016-03-01,"Mar","2016","S08000015","NHS Ayrshire and Arran",22918,20892,2026,91.2,8.8,20892,2026
2016-03-01,"Mar","2016","S08000016","NHS Borders",5490,5208,282,94.9,5.1,5208,282
2016-03-01,"Mar","2016","S08000017","NHS Dumfries and Galloway",8792,8292,500,94.3,5.7,8292,500
2016-03-01,"Mar","2016","S08000019","NHS Forth Valley",14568,13408,1160,92,8,13408,1160
2016-03-01,"Mar","2016","S08000020","NHS Grampian",24354,23394,960,96.1,3.9,23394,960
2016-03-01,"Mar","2016","S08000022","NHS Highland",17690,17152,538,97,3,17152,538
2016-03-01,"Mar","2016","S08000024","NHS Lothian",47400,43654,3746,92.1,7.9,43654,3746
2016-03-01,"Mar","2016","S08000025","NHS Orkney",992,980,12,98.8,1.2,980,12
2016-03-01,"Mar","2016","S08000026","NHS Shetland",1214,1172,42,96.5,3.5,1172,42
2016-03-01,"Mar","2016","S08000028","NHS Western Isles",1494,1486,8,99.5,0.5,1486,8
2016-03-01,"Mar","2016","S08000029","NHS Fife",15982,15268,714,95.5,4.5,15268,714
2016-03-01,"Mar","2016","S08000030","NHS Tayside",18918,18770,148,99.2,0.8,18770,148
2016-03-01,"Mar","2016","S08000031","NHS Greater Glasgow and Clyde",75184,68076,7108,90.5,9.5,68076,7108
2016-03-01,"Mar","2016","S08000032","NHS Lanarkshire",34828,31994,2834,91.9,8.1,31994,2834
2016-04-01,"Apr","2016","S08000015","NHS Ayrshire and Arran",20500,19202,1298,93.7,6.3,19202,1298
2016-04-01,"Apr","2016","S08000016","NHS Borders",5082,4822,260,94.9,5.1,4822,260
2016-04-01,"Apr","2016","S08000017","NHS Dumfries and Galloway",7956,7612,344,95.7,4.3,7612,344
2016-04-01,"Apr","2016","S08000019","NHS Forth Valley",12998,12426,572,95.6,4.4,12426,572
2016-04-01,"Apr","2016","S08000020","NHS Grampian",21594,20872,722,96.7,3.3,20872,722
2016-04-01,"Apr","2016","S08000022","NHS Highland",16048,15646,402,97.5,2.5,15646,402
2016-04-01,"Apr","2016","S08000024","NHS Lothian",43248,40416,2832,93.5,6.5,40416,2832
2016-04-01,"Apr","2016","S08000025","NHS Orkney",964,958,6,99.4,0.6,958,6
2016-04-01,"Apr","2016","S08000026","NHS Shetland",1176,1082,94,92,8,1082,94
2016-04-01,"Apr","2016","S08000028","NHS Western Isles",1386,1382,4,99.7,0.3,1382,4
2016-04-01,"Apr","2016","S08000029","NHS Fife",14530,13976,554,96.2,3.8,13976,554
2016-04-01,"Apr","2016","S08000030","NHS Tayside",17328,17192,136,99.2,0.8,17192,136
2016-04-01,"Apr","2016","S08000031","NHS Greater Glasgow and Clyde",68292,64098,4194,93.9,6.1,64098,4194
2016-04-01,"Apr","2016","S08000032","NHS Lanarkshire",32400,30866,1534,95.3,4.7,30866,1534
2016-05-01,"May","2016","S08000015","NHS Ayrshire and Arran",21382,20352,1030,95.2,4.8,20352,1030
2016-05-01,"May","2016","S08000016","NHS Borders",5790,5394,396,93.2,6.8,5394,396
2016-05-01,"May","2016","S08000017","NHS Dumfries and Galloway",8844,8556,288,96.7,3.3,8556,288
2016-05-01,"May","2016","S08000019","NHS Forth Valley",15002,13882,1120,92.5,7.5,13882,1120
2016-05-01,"May","2016","S08000020","NHS Grampian",25412,24594,818,96.8,3.2,24594,818
2016-05-01,"May","2016","S08000022","NHS Highland",18950,18452,498,97.4,2.6,18452,498
2016-05-01,"May","2016","S08000024","NHS Lothian",48228,45026,3202,93.4,6.6,45026,3202
2016-05-01,"May","2016","S08000025","NHS Orkney",1044,1018,26,97.5,2.5,1018,26
2016-05-01,"May","2016","S08000026","NHS Shetland",1344,1290,54,96,4,1290,54
2016-05-01,"May","2016","S08000028","NHS Western Isles",1430,1428,2,99.9,0.1,1428,2
2016-05-01,"May","2016","S08000029","NHS Fife",16946,16206,740,95.6,4.4,16206,740
2016-05-01,"May","2016","S08000030","NHS Tayside",19762,19548,214,98.9,1.1,19548,214
2016-05-01,"May","2016","S08000031","NHS Greater Glasgow and Clyde",77116,71212,5904,92.3,7.7,71212,5904
2016-05-01,"May","2016","S08000032","NHS Lanarkshire",35778,33660,2118,94.1,5.9,33660,2118
2016-06-01,"Jun","2016","S08000015","NHS Ayrshire and Arran",20920,19668,1252,94,6,19668,1252
2016-06-01,"Jun","2016","S08000016","NHS Borders",5228,5080,148,97.2,2.8,5080,148
2016-06-01,"Jun","2016","S08000017","NHS Dumfries and Galloway",8548,8272,276,96.8,3.2,8272,276
2016-06-01,"Jun","2016","S08000019","NHS Forth Valley",13492,12934,558,95.9,4.1,12934,558
2016-06-01,"Jun","2016","S08000020","NHS Grampian",23296,22654,642,97.2,2.8,22654,642
2016-06-01,"Jun","2016","S08000022","NHS Highland",18802,18392,410,97.8,2.2,18392,410
2016-06-01,"Jun","2016","S08000024","NHS Lothian",44890,42886,2004,95.5,4.5,42886,2004
2016-06-01,"Jun","2016","S08000025","NHS Orkney",1038,1014,24,97.7,2.3,1014,24
2016-06-01,"Jun","2016","S08000026","NHS Shetland",1398,1320,78,94.4,5.6,1320,78
2016-06-01,"Jun","2016","S08000028","NHS Western Isles",1632,1622,10,99.4,0.6,1622,10
2016-06-01,"Jun","2016","S08000029","NHS Fife",15752,15308,444,97.2,2.8,15308,444
2016-06-01,"Jun","2016","S08000030","NHS Tayside",18288,18162,126,99.3,0.7,18162,126
2016-06-01,"Jun","2016","S08000031","NHS Greater Glasgow and Clyde",71486,67430,4056,94.3,5.7,67430,4056
2016-06-01,"Jun","2016","S08000032","NHS Lanarkshire",33806,31832,1974,94.2,5.8,31832,1974
2016-07-01,"Jul","2016","S08000015","NHS Ayrshire and Arran",19882,18740,1142,94.3,5.7,18740,1142
2016-07-01,"Jul","2016","S08000016","NHS Borders",5174,5002,172,96.7,3.3,5002,172
2016-07-01,"Jul","2016","S08000017","NHS Dumfries and Galloway",8798,8606,192,97.8,2.2,8606,192
2016-07-01,"Jul","2016","S08000019","NHS Forth Valley",13100,12748,352,97.3,2.7,12748,352
2016-07-01,"Jul","2016","S08000020","NHS Grampian",23610,22844,766,96.8,3.2,22844,766
2016-07-01,"Jul","2016","S08000022","NHS Highland",18720,18272,448,97.6,2.4,18272,448
2016-07-01,"Jul","2016","S08000024","NHS Lothian",42788,41564,1224,97.1,2.9,41564,1224
2016-07-01,"Jul","2016","S08000025","NHS Orkney",1094,1072,22,98,2,1072,22
2016-07-01,"Jul","2016","S08000026","NHS Shetland",1330,1272,58,95.6,4.4,1272,58
2016-07-01,"Jul","2016","S08000028","NHS Western Isles",1778,1772,6,99.7,0.3,1772,6
2016-07-01,"Jul","2016","S08000029","NHS Fife",15034,14652,382,97.5,2.5,14652,382
2016-07-01,"Jul","2016","S08000030","NHS Tayside",18938,18852,86,99.5,0.5,18852,86
2016-07-01,"Jul","2016","S08000031","NHS Greater Glasgow and Clyde",68150,63382,4768,93,7,63382,4768
2016-07-01,"Jul","2016","S08000032","NHS Lanarkshire",32646,30758,1888,94.2,5.8,30758,1888
2016-08-01,"Aug","2016","S08000015","NHS Ayrshire and Arran",20740,19476,1264,93.9,6.1,19476,1264
2016-08-01,"Aug","2016","S08000016","NHS Borders",5466,5156,310,94.3,5.7,5156,310
2016-08-01,"Aug","2016","S08000017","NHS Dumfries and Galloway",9002,8570,432,95.2,4.8,8570,432
2016-08-01,"Aug","2016","S08000019","NHS Forth Valley",13710,13048,662,95.2,4.8,13048,662
2016-08-01,"Aug","2016","S08000020","NHS Grampian",24090,23316,774,96.8,3.2,23316,774
2016-08-01,"Aug","2016","S08000022","NHS Highland",20018,19266,752,96.2,3.8,19266,752
2016-08-01,"Aug","2016","S08000024","NHS Lothian",46610,44028,2582,94.5,5.5,44028,2582
2016-08-01,"Aug","2016","S08000025","NHS Orkney",1024,1000,24,97.7,2.3,1000,24
2016-08-01,"Aug","2016","S08000026","NHS Shetland",1206,1154,52,95.7,4.3,1154,52
2016-08-01,"Aug","2016","S08000028","NHS Western Isles",1558,1552,6,99.6,0.4,1552,6
2016-08-01,"Aug","2016","S08000029","NHS Fife",16278,15710,568,96.5,3.5,15710,568
2016-08-01,"Aug","2016","S08000030","NHS Tayside",19124,18856,268,98.6,1.4,18856,268
2016-08-01,"Aug","2016","S08000031","NHS Greater Glasgow and Clyde",73236,67956,5280,92.8,7.2,67956,5280
2016-08-01,"Aug","2016","S08000032","NHS Lanarkshire",33816,31792,2024,94,6,31792,2024
2016-09-01,"Sep","2016","S08000015","NHS Ayrshire and Arran",20486,19190,1296,93.7,6.3,19190,1296
2016-09-01,"Sep","2016","S08000016","NHS Borders",5360,5096,264,95.1,4.9,5096,264
2016-09-01,"Sep","2016","S08000017","NHS Dumfries and Galloway",7980,7618,362,95.5,4.5,7618,362
2016-09-01,"Sep","2016","S08000019","NHS Forth Valley",13368,12814,554,95.9,4.1,12814,554
2016-09-01,"Sep","2016","S08000020","NHS Grampian",24660,23600,1060,95.7,4.3,23600,1060
2016-09-01,"Sep","2016","S08000022","NHS Highland",18336,17862,474,97.4,2.6,17862,474
2016-09-01,"Sep","2016","S08000024","NHS Lothian",46958,43806,3152,93.3,6.7,43806,3152
2016-09-01,"Sep","2016","S08000025","NHS Orkney",1028,1016,12,98.8,1.2,1016,12
2016-09-01,"Sep","2016","S08000026","NHS Shetland",1288,1224,64,95,5,1224,64
2016-09-01,"Sep","2016","S08000028","NHS Western Isles",1452,1436,16,98.9,1.1,1436,16
2016-09-01,"Sep","2016","S08000029","NHS Fife",16280,15558,722,95.6,4.4,15558,722
2016-09-01,"Sep","2016","S08000030","NHS Tayside",18976,18762,214,98.9,1.1,18762,214
2016-09-01,"Sep","2016","S08000031","NHS Greater Glasgow and Clyde",71856,67796,4060,94.3,5.7,67796,4060
2016-09-01,"Sep","2016","S08000032","NHS Lanarkshire",34182,31908,2274,93.3,6.7,31908,2274
2016-10-01,"Oct","2016","S08000015","NHS Ayrshire and Arran",19822,18174,1648,91.7,8.3,18174,1648
2016-10-01,"Oct","2016","S08000016","NHS Borders",5184,4944,240,95.4,4.6,4944,240
2016-10-01,"Oct","2016","S08000017","NHS Dumfries and Galloway",8126,7748,378,95.3,4.7,7748,378
2016-10-01,"Oct","2016","S08000019","NHS Forth Valley",13160,12326,834,93.7,6.3,12326,834
2016-10-01,"Oct","2016","S08000020","NHS Grampian",22552,21470,1082,95.2,4.8,21470,1082
2016-10-01,"Oct","2016","S08000022","NHS Highland",16528,16098,430,97.4,2.6,16098,430
2016-10-01,"Oct","2016","S08000024","NHS Lothian",46202,43044,3158,93.2,6.8,43044,3158
2016-10-01,"Oct","2016","S08000025","NHS Orkney",862,846,16,98.1,1.9,846,16
2016-10-01,"Oct","2016","S08000026","NHS Shetland",1162,1124,38,96.7,3.3,1124,38
2016-10-01,"Oct","2016","S08000028","NHS Western Isles",1440,1418,22,98.5,1.5,1418,22
2016-10-01,"Oct","2016","S08000029","NHS Fife",14628,13878,750,94.9,5.1,13878,750
2016-10-01,"Oct","2016","S08000030","NHS Tayside",18064,17808,256,98.6,1.4,17808,256
2016-10-01,"Oct","2016","S08000031","NHS Greater Glasgow and Clyde",72340,67324,5016,93.1,6.9,67324,5016
2016-10-01,"Oct","2016","S08000032","NHS Lanarkshire",33414,30664,2750,91.8,8.2,30664,2750
2016-11-01,"Nov","2016","S08000015","NHS Ayrshire and Arran",18774,17140,1634,91.3,8.7,17140,1634
2016-11-01,"Nov","2016","S08000016","NHS Borders",4704,4480,224,95.2,4.8,4480,224
2016-11-01,"Nov","2016","S08000017","NHS Dumfries and Galloway",7654,7218,436,94.3,5.7,7218,436
2016-11-01,"Nov","2016","S08000019","NHS Forth Valley",12476,11336,1140,90.9,9.1,11336,1140
2016-11-01,"Nov","2016","S08000020","NHS Grampian",21124,20418,706,96.7,3.3,20418,706
2016-11-01,"Nov","2016","S08000022","NHS Highland",15106,14664,442,97.1,2.9,14664,442
2016-11-01,"Nov","2016","S08000024","NHS Lothian",44458,42026,2432,94.5,5.5,42026,2432
2016-11-01,"Nov","2016","S08000025","NHS Orkney",866,856,10,98.8,1.2,856,10
2016-11-01,"Nov","2016","S08000026","NHS Shetland",1116,1094,22,98,2,1094,22
2016-11-01,"Nov","2016","S08000028","NHS Western Isles",1304,1290,14,98.9,1.1,1290,14
2016-11-01,"Nov","2016","S08000029","NHS Fife",14130,13172,958,93.2,6.8,13172,958
2016-11-01,"Nov","2016","S08000030","NHS Tayside",16400,16190,210,98.7,1.3,16190,210
2016-11-01,"Nov","2016","S08000031","NHS Greater Glasgow and Clyde",68640,62830,5810,91.5,8.5,62830,5810
2016-11-01,"Nov","2016","S08000032","NHS Lanarkshire",31702,29100,2602,91.8,8.2,29100,2602
2016-12-01,"Dec","2016","S08000015","NHS Ayrshire and Arran",19050,17818,1232,93.5,6.5,17818,1232
2016-12-01,"Dec","2016","S08000016","NHS Borders",4874,4710,164,96.6,3.4,4710,164
2016-12-01,"Dec","2016","S08000017","NHS Dumfries and Galloway",8026,7492,534,93.3,6.7,7492,534
2016-12-01,"Dec","2016","S08000019","NHS Forth Valley",12372,11652,720,94.2,5.8,11652,720
2016-12-01,"Dec","2016","S08000020","NHS Grampian",22442,21090,1352,94,6,21090,1352
2016-12-01,"Dec","2016","S08000022","NHS Highland",16268,15610,658,96,4,15610,658
2016-12-01,"Dec","2016","S08000024","NHS Lothian",44160,40836,3324,92.5,7.5,40836,3324
2016-12-01,"Dec","2016","S08000025","NHS Orkney",904,882,22,97.6,2.4,882,22
2016-12-01,"Dec","2016","S08000026","NHS Shetland",1292,1262,30,97.7,2.3,1262,30
2016-12-01,"Dec","2016","S08000028","NHS Western Isles",1428,1422,6,99.6,0.4,1422,6
2016-12-01,"Dec","2016","S08000029","NHS Fife",14260,13358,902,93.7,6.3,13358,902
2016-12-01,"Dec","2016","S08000030","NHS Tayside",17070,16722,348,98,2,16722,348
2016-12-01,"Dec","2016","S08000031","NHS Greater Glasgow and Clyde",67194,59690,7504,88.8,11.2,59690,7504
2016-12-01,"Dec","2016","S08000032","NHS Lanarkshire",32338,29802,2536,92.2,7.8,29802,2536
2017-01-01,"Jan","2017","S08000015","NHS Ayrshire and Arran",18744,16824,1920,89.8,10.2,16824,1920
2017-01-01,"Jan","2017","S08000016","NHS Borders",4856,4404,452,90.7,9.3,4404,452
2017-01-01,"Jan","2017","S08000017","NHS Dumfries and Galloway",8086,7366,720,91.1,8.9,7366,720
2017-01-01,"Jan","2017","S08000019","NHS Forth Valley",12362,11228,1134,90.8,9.2,11228,1134
2017-01-01,"Jan","2017","S08000020","NHS Grampian",21536,20448,1088,94.9,5.1,20448,1088
2017-01-01,"Jan","2017","S08000022","NHS Highland",15776,15092,684,95.7,4.3,15092,684
2017-01-01,"Jan","2017","S08000024","NHS Lothian",43494,40368,3126,92.8,7.2,40368,3126
2017-01-01,"Jan","2017","S08000025","NHS Orkney",862,844,18,97.9,2.1,844,18
2017-01-01,"Jan","2017","S08000026","NHS Shetland",1114,1076,38,96.6,3.4,1076,38
2017-01-01,"Jan","2017","S08000028","NHS Western Isles",1264,1250,14,98.9,1.1,1250,14
2017-01-01,"Jan","2017","S08000029","NHS Fife",13766,12874,892,93.5,6.5,12874,892
2017-01-01,"Jan","2017","S08000030","NHS Tayside",16382,16128,254,98.4,1.6,16128,254
2017-01-01,"Jan","2017","S08000031","NHS Greater Glasgow and Clyde",66654,59522,7132,89.3,10.7,59522,7132
2017-01-01,"Jan","2017","S08000032","NHS Lanarkshire",32390,28894,3496,89.2,10.8,28894,3496
2017-02-01,"Feb","2017","S08000015","NHS Ayrshire and Arran",17330,15786,1544,91.1,8.9,15786,1544
2017-02-01,"Feb","2017","S08000016","NHS Borders",4354,4174,180,95.9,4.1,4174,180
2017-02-01,"Feb","2017","S08000017","NHS Dumfries and Galloway",7096,6500,596,91.6,8.4,6500,596
2017-02-01,"Feb","2017","S08000019","NHS Forth Valley",11642,10810,832,92.9,7.1,10810,832
2017-02-01,"Feb","2017","S08000020","NHS Grampian",19458,18536,922,95.3,4.7,18536,922
2017-02-01,"Feb","2017","S08000022","NHS Highland",13906,13162,744,94.6,5.4,13162,744
2017-02-01,"Feb","2017","S08000024","NHS Lothian",40126,37414,2712,93.2,6.8,37414,2712
2017-02-01,"Feb","2017","S08000025","NHS Orkney",856,804,52,93.9,6.1,804,52
2017-02-01,"Feb","2017","S08000026","NHS Shetland",1168,1152,16,98.6,1.4,1152,16
2017-02-01,"Feb","2017","S08000028","NHS Western Isles",1200,1200,0,100,0,1200,0
2017-02-01,"Feb","2017","S08000029","NHS Fife",12906,12226,680,94.7,5.3,12226,680
2017-02-01,"Feb","2017","S08000030","NHS Tayside",15186,14994,192,98.7,1.3,14994,192
2017-02-01,"Feb","2017","S08000031","NHS Greater Glasgow and Clyde",62024,56018,6006,90.3,9.7,56018,6006
2017-02-01,"Feb","2017","S08000032","NHS Lanarkshire",30332,27086,3246,89.3,10.7,27086,3246
2017-03-01,"Mar","2017","S08000015","NHS Ayrshire and Arran",20360,19082,1278,93.7,6.3,19082,1278
2017-03-01,"Mar","2017","S08000016","NHS Borders",5062,4718,344,93.2,6.8,4718,344
2017-03-01,"Mar","2017","S08000017","NHS Dumfries and Galloway",8326,7802,524,93.7,6.3,7802,524
2017-03-01,"Mar","2017","S08000019","NHS Forth Valley",13616,13228,388,97.2,2.8,13228,388
2017-03-01,"Mar","2017","S08000020","NHS Grampian",23286,22370,916,96.1,3.9,22370,916
2017-03-01,"Mar","2017","S08000022","NHS Highland",16436,15918,518,96.8,3.2,15918,518
2017-03-01,"Mar","2017","S08000024","NHS Lothian",46952,44942,2010,95.7,4.3,44942,2010
2017-03-01,"Mar","2017","S08000025","NHS Orkney",954,930,24,97.5,2.5,930,24
2017-03-01,"Mar","2017","S08000026","NHS Shetland",1182,1148,34,97.1,2.9,1148,34
2017-03-01,"Mar","2017","S08000028","NHS Western Isles",1336,1326,10,99.3,0.7,1326,10
2017-03-01,"Mar","2017","S08000029","NHS Fife",15320,14586,734,95.2,4.8,14586,734
2017-03-01,"Mar","2017","S08000030","NHS Tayside",17722,17476,246,98.6,1.4,17476,246
2017-03-01,"Mar","2017","S08000031","NHS Greater Glasgow and Clyde",72624,65874,6750,90.7,9.3,65874,6750
2017-03-01,"Mar","2017","S08000032","NHS Lanarkshire",34438,31008,3430,90,10,31008,3430
2017-04-01,"Apr","2017","S08000015","NHS Ayrshire and Arran",20080,19292,788,96.1,3.9,19292,788
2017-04-01,"Apr","2017","S08000016","NHS Borders",5376,5032,344,93.6,6.4,5032,344
2017-04-01,"Apr","2017","S08000017","NHS Dumfries and Galloway",8346,7832,514,93.8,6.2,7832,514
2017-04-01,"Apr","2017","S08000019","NHS Forth Valley",13828,12568,1260,90.9,9.1,12568,1260
2017-04-01,"Apr","2017","S08000020","NHS Grampian",22420,21554,866,96.1,3.9,21554,866
2017-04-01,"Apr","2017","S08000022","NHS Highland",16554,16028,526,96.8,3.2,16028,526
2017-04-01,"Apr","2017","S08000024","NHS Lothian",44592,42474,2118,95.3,4.7,42474,2118
2017-04-01,"Apr","2017","S08000025","NHS Orkney",1042,994,48,95.4,4.6,994,48
2017-04-01,"Apr","2017","S08000026","NHS Shetland",1238,1206,32,97.4,2.6,1206,32
2017-04-01,"Apr","2017","S08000028","NHS Western Isles",1464,1458,6,99.6,0.4,1458,6
2017-04-01,"Apr","2017","S08000029","NHS Fife",15092,14044,1048,93.1,6.9,14044,1048
2017-04-01,"Apr","2017","S08000030","NHS Tayside",18776,18508,268,98.6,1.4,18508,268
2017-04-01,"Apr","2017","S08000031","NHS Greater Glasgow and Clyde",69980,62472,7508,89.3,10.7,62472,7508
2017-04-01,"Apr","2017","S08000032","NHS Lanarkshire",33358,30662,2696,91.9,8.1,30662,2696
2017-05-01,"May","2017","S08000015","NHS Ayrshire and Arran",22538,21488,1050,95.3,4.7,21488,1050
2017-05-01,"May","2017","S08000016","NHS Borders",5754,5378,376,93.5,6.5,5378,376
2017-05-01,"May","2017","S08000017","NHS Dumfries and Galloway",9128,8708,420,95.4,4.6,8708,420
2017-05-01,"May","2017","S08000019","NHS Forth Valley",15168,13922,1246,91.8,8.2,13922,1246
2017-05-01,"May","2017","S08000020","NHS Grampian",25030,24238,792,96.8,3.2,24238,792
2017-05-01,"May","2017","S08000022","NHS Highland",19606,19094,512,97.4,2.6,19094,512
2017-05-01,"May","2017","S08000024","NHS Lothian",48250,45898,2352,95.1,4.9,45898,2352
2017-05-01,"May","2017","S08000025","NHS Orkney",1126,1086,40,96.4,3.6,1086,40
2017-05-01,"May","2017","S08000026","NHS Shetland",1360,1312,48,96.5,3.5,1312,48
2017-05-01,"May","2017","S08000028","NHS Western Isles",1686,1674,12,99.3,0.7,1674,12
2017-05-01,"May","2017","S08000029","NHS Fife",16550,15666,884,94.7,5.3,15666,884
2017-05-01,"May","2017","S08000030","NHS Tayside",20138,19690,448,97.8,2.2,19690,448
2017-05-01,"May","2017","S08000031","NHS Greater Glasgow and Clyde",77058,69914,7144,90.7,9.3,69914,7144
2017-05-01,"May","2017","S08000032","NHS Lanarkshire",37446,34588,2858,92.4,7.6,34588,2858
2017-06-01,"Jun","2017","S08000015","NHS Ayrshire and Arran",19708,19082,626,96.8,3.2,19082,626
2017-06-01,"Jun","2017","S08000016","NHS Borders",5486,5332,154,97.2,2.8,5332,154
2017-06-01,"Jun","2017","S08000017","NHS Dumfries and Galloway",8486,8116,370,95.6,4.4,8116,370
2017-06-01,"Jun","2017","S08000019","NHS Forth Valley",14154,13394,760,94.6,5.4,13394,760
2017-06-01,"Jun","2017","S08000020","NHS Grampian",23258,22588,670,97.1,2.9,22588,670
2017-06-01,"Jun","2017","S08000022","NHS Highland",18738,18248,490,97.4,2.6,18248,490
2017-06-01,"Jun","2017","S08000024","NHS Lothian",45404,43462,1942,95.7,4.3,43462,1942
2017-06-01,"Jun","2017","S08000025","NHS Orkney",1032,1022,10,99,1,1022,10
2017-06-01,"Jun","2017","S08000026","NHS Shetland",1330,1304,26,98,2,1304,26
2017-06-01,"Jun","2017","S08000028","NHS Western Isles",1518,1512,6,99.6,0.4,1512,6
2017-06-01,"Jun","2017","S08000029","NHS Fife",15542,14948,594,96.2,3.8,14948,594
2017-06-01,"Jun","2017","S08000030","NHS Tayside",18588,18348,240,98.7,1.3,18348,240
2017-06-01,"Jun","2017","S08000031","NHS Greater Glasgow and Clyde",69852,65020,4832,93.1,6.9,65020,4832
2017-06-01,"Jun","2017","S08000032","NHS Lanarkshire",34506,32600,1906,94.5,5.5,32600,1906
2017-07-01,"Jul","2017","S08000015","NHS Ayrshire and Arran",18914,18282,632,96.7,3.3,18282,632
2017-07-01,"Jul","2017","S08000016","NHS Borders",5306,5094,212,96,4,5094,212
2017-07-01,"Jul","2017","S08000017","NHS Dumfries and Galloway",8976,8506,470,94.8,5.2,8506,470
2017-07-01,"Jul","2017","S08000019","NHS Forth Valley",14008,13062,946,93.2,6.8,13062,946
2017-07-01,"Jul","2017","S08000020","NHS Grampian",23094,22202,892,96.1,3.9,22202,892
2017-07-01,"Jul","2017","S08000022","NHS Highland",19544,19094,450,97.7,2.3,19094,450
2017-07-01,"Jul","2017","S08000024","NHS Lothian",43786,42070,1716,96.1,3.9,42070,1716
2017-07-01,"Jul","2017","S08000025","NHS Orkney",1038,986,52,95,5,986,52
2017-07-01,"Jul","2017","S08000026","NHS Shetland",1364,1324,40,97.1,2.9,1324,40
2017-07-01,"Jul","2017","S08000028","NHS Western Isles",1924,1914,10,99.5,0.5,1914,10
2017-07-01,"Jul","2017","S08000029","NHS Fife",15336,14762,574,96.3,3.7,14762,574
2017-07-01,"Jul","2017","S08000030","NHS Tayside",19046,18744,302,98.4,1.6,18744,302
2017-07-01,"Jul","2017","S08000031","NHS Greater Glasgow and Clyde",68922,65054,3868,94.4,5.6,65054,3868
2017-07-01,"Jul","2017","S08000032","NHS Lanarkshire",33996,32442,1554,95.4,4.6,32442,1554
2017-08-01,"Aug","2017","S08000015","NHS Ayrshire and Arran",18700,17710,990,94.7,5.3,17710,990
2017-08-01,"Aug","2017","S08000016","NHS Borders",5486,5310,176,96.8,3.2,5310,176
2017-08-01,"Aug","2017","S08000017","NHS Dumfries and Galloway",8722,8188,534,93.9,6.1,8188,534
2017-08-01,"Aug","2017","S08000019","NHS Forth Valley",14142,13226,916,93.5,6.5,13226,916
2017-08-01,"Aug","2017","S08000020","NHS Grampian",23450,22422,1028,95.6,4.4,22422,1028
2017-08-01,"Aug","2017","S08000022","NHS Highland",19774,19118,656,96.7,3.3,19118,656
2017-08-01,"Aug","2017","S08000024","NHS Lothian",46384,44152,2232,95.2,4.8,44152,2232
2017-08-01,"Aug","2017","S08000025","NHS Orkney",1214,1186,28,97.7,2.3,1186,28
2017-08-01,"Aug","2017","S08000026","NHS Shetland",1326,1244,82,93.8,6.2,1244,82
2017-08-01,"Aug","2017","S08000028","NHS Western Isles",1742,1730,12,99.3,0.7,1730,12
2017-08-01,"Aug","2017","S08000029","NHS Fife",15874,15360,514,96.8,3.2,15360,514
2017-08-01,"Aug","2017","S08000030","NHS Tayside",19548,19216,332,98.3,1.7,19216,332
2017-08-01,"Aug","2017","S08000031","NHS Greater Glasgow and Clyde",71390,66790,4600,93.6,6.4,66790,4600
2017-08-01,"Aug","2017","S08000032","NHS Lanarkshire",34944,33032,1912,94.5,5.5,33032,1912
2017-09-01,"Sep","2017","S08000015","NHS Ayrshire and Arran",19224,17498,1726,91,9,17498,1726
2017-09-01,"Sep","2017","S08000016","NHS Borders",5668,5382,286,95,5,5382,286
2017-09-01,"Sep","2017","S08000017","NHS Dumfries and Galloway",8932,8252,680,92.4,7.6,8252,680
2017-09-01,"Sep","2017","S08000019","NHS Forth Valley",13786,12806,980,92.9,7.1,12806,980
2017-09-01,"Sep","2017","S08000020","NHS Grampian",23672,22338,1334,94.4,5.6,22338,1334
2017-09-01,"Sep","2017","S08000022","NHS Highland",17958,17230,728,95.9,4.1,17230,728
2017-09-01,"Sep","2017","S08000024","NHS Lothian",46724,44078,2646,94.3,5.7,44078,2646
2017-09-01,"Sep","2017","S08000025","NHS Orkney",1006,972,34,96.6,3.4,972,34
2017-09-01,"Sep","2017","S08000026","NHS Shetland",1302,1278,24,98.2,1.8,1278,24
2017-09-01,"Sep","2017","S08000028","NHS Western Isles",1502,1492,10,99.3,0.7,1492,10
2017-09-01,"Sep","2017","S08000029","NHS Fife",15926,15236,690,95.7,4.3,15236,690
2017-09-01,"Sep","2017","S08000030","NHS Tayside",18824,18340,484,97.4,2.6,18340,484
2017-09-01,"Sep","2017","S08000031","NHS Greater Glasgow and Clyde",72486,66318,6168,91.5,8.5,66318,6168
2017-09-01,"Sep","2017","S08000032","NHS Lanarkshire",34860,32302,2558,92.7,7.3,32302,2558
2017-10-01,"Oct","2017","S08000015","NHS Ayrshire and Arran",19040,17660,1380,92.8,7.2,17660,1380
2017-10-01,"Oct","2017","S08000016","NHS Borders",5484,5232,252,95.4,4.6,5232,252
2017-10-01,"Oct","2017","S08000017","NHS Dumfries and Galloway",8222,7702,520,93.7,6.3,7702,520
2017-10-01,"Oct","2017","S08000019","NHS Forth Valley",13976,12830,1146,91.8,8.2,12830,1146
2017-10-01,"Oct","2017","S08000020","NHS Grampian",22806,21978,828,96.4,3.6,21978,828
2017-10-01,"Oct","2017","S08000022","NHS Highland",16576,16160,416,97.5,2.5,16160,416
2017-10-01,"Oct","2017","S08000024","NHS Lothian",46790,43900,2890,93.8,6.2,43900,2890
2017-10-01,"Oct","2017","S08000025","NHS Orkney",1002,924,78,92.2,7.8,924,78
2017-10-01,"Oct","2017","S08000026","NHS Shetland",1154,1126,28,97.6,2.4,1126,28
2017-10-01,"Oct","2017","S08000028","NHS Western Isles",1382,1382,0,100,0,1382,0
2017-10-01,"Oct","2017","S08000029","NHS Fife",14750,14394,356,97.6,2.4,14394,356
2017-10-01,"Oct","2017","S08000030","NHS Tayside",18112,17858,254,98.6,1.4,17858,254
2017-10-01,"Oct","2017","S08000031","NHS Greater Glasgow and Clyde",71806,66932,4874,93.2,6.8,66932,4874
2017-10-01,"Oct","2017","S08000032","NHS Lanarkshire",34558,32228,2330,93.3,6.7,32228,2330
2017-11-01,"Nov","2017","S08000015","NHS Ayrshire and Arran",17702,16916,786,95.6,4.4,16916,786
2017-11-01,"Nov","2017","S08000016","NHS Borders",5052,4738,314,93.8,6.2,4738,314
2017-11-01,"Nov","2017","S08000017","NHS Dumfries and Galloway",7956,7334,622,92.2,7.8,7334,622
2017-11-01,"Nov","2017","S08000019","NHS Forth Valley",13200,12526,674,94.9,5.1,12526,674
2017-11-01,"Nov","2017","S08000020","NHS Grampian",21150,20278,872,95.9,4.1,20278,872
2017-11-01,"Nov","2017","S08000022","NHS Highland",15570,15168,402,97.4,2.6,15168,402
2017-11-01,"Nov","2017","S08000024","NHS Lothian",45688,40838,4850,89.4,10.6,40838,4850
2017-11-01,"Nov","2017","S08000025","NHS Orkney",908,872,36,96,4,872,36
2017-11-01,"Nov","2017","S08000026","NHS Shetland",1176,1136,40,96.6,3.4,1136,40
2017-11-01,"Nov","2017","S08000028","NHS Western Isles",1282,1268,14,98.9,1.1,1268,14
2017-11-01,"Nov","2017","S08000029","NHS Fife",14270,13722,548,96.2,3.8,13722,548
2017-11-01,"Nov","2017","S08000030","NHS Tayside",16910,16612,298,98.2,1.8,16612,298
2017-11-01,"Nov","2017","S08000031","NHS Greater Glasgow and Clyde",70062,64444,5618,92,8,64444,5618
2017-11-01,"Nov","2017","S08000032","NHS Lanarkshire",33502,30806,2696,92,8,30806,2696
2017-12-01,"Dec","2017","S08000015","NHS Ayrshire and Arran",19092,17586,1506,92.1,7.9,17586,1506
2017-12-01,"Dec","2017","S08000016","NHS Borders",5502,4894,608,88.9,11.1,4894,608
2017-12-01,"Dec","2017","S08000017","NHS Dumfries and Galloway",8088,7016,1072,86.7,13.3,7016,1072
2017-12-01,"Dec","2017","S08000019","NHS Forth Valley",13992,10712,3280,76.6,23.4,10712,3280
2017-12-01,"Dec","2017","S08000020","NHS Grampian",23918,22240,1678,93,7,22240,1678
2017-12-01,"Dec","2017","S08000022","NHS Highland",17418,16710,708,95.9,4.1,16710,708
2017-12-01,"Dec","2017","S08000024","NHS Lothian",48056,36568,11488,76.1,23.9,36568,11488
2017-12-01,"Dec","2017","S08000025","NHS Orkney",1008,978,30,97,3,978,30
2017-12-01,"Dec","2017","S08000026","NHS Shetland",1418,1346,72,94.9,5.1,1346,72
2017-12-01,"Dec","2017","S08000028","NHS Western Isles",1514,1492,22,98.5,1.5,1492,22
2017-12-01,"Dec","2017","S08000029","NHS Fife",14950,13578,1372,90.8,9.2,13578,1372
2017-12-01,"Dec","2017","S08000030","NHS Tayside",19194,18220,974,94.9,5.1,18220,974
2017-12-01,"Dec","2017","S08000031","NHS Greater Glasgow and Clyde",74002,60592,13410,81.9,18.1,60592,13410
2017-12-01,"Dec","2017","S08000032","NHS Lanarkshire",35804,29590,6214,82.6,17.4,29590,6214
2018-01-01,"Jan","2018","S08000015","NHS Ayrshire and Arran",17126,15088,2038,88.1,11.9,15088,2038
2018-01-01,"Jan","2018","S08000016","NHS Borders",5072,4402,670,86.8,13.2,4402,670
2018-01-01,"Jan","2018","S08000017","NHS Dumfries and Galloway",7424,6382,1042,86,14,6382,1042
2018-01-01,"Jan","2018","S08000019","NHS Forth Valley",12588,10460,2128,83.1,16.9,10460,2128
2018-01-01,"Jan","2018","S08000020","NHS Grampian",22086,20338,1748,92.1,7.9,20338,1748
2018-01-01,"Jan","2018","S08000022","NHS Highland",15874,15122,752,95.3,4.7,15122,752
2018-01-01,"Jan","2018","S08000024","NHS Lothian",43840,34756,9084,79.3,20.7,34756,9084
2018-01-01,"Jan","2018","S08000025","NHS Orkney",908,890,18,98,2,890,18
2018-01-01,"Jan","2018","S08000026","NHS Shetland",1210,1166,44,96.4,3.6,1166,44
2018-01-01,"Jan","2018","S08000028","NHS Western Isles",1394,1378,16,98.9,1.1,1378,16
2018-01-01,"Jan","2018","S08000029","NHS Fife",14068,12964,1104,92.2,7.8,12964,1104
2018-01-01,"Jan","2018","S08000030","NHS Tayside",16414,15896,518,96.8,3.2,15896,518
2018-01-01,"Jan","2018","S08000031","NHS Greater Glasgow and Clyde",67786,57944,9842,85.5,14.5,57944,9842
2018-01-01,"Jan","2018","S08000032","NHS Lanarkshire",32292,28158,4134,87.2,12.8,28158,4134
2018-02-01,"Feb","2018","S08000015","NHS Ayrshire and Arran",16220,15208,1012,93.8,6.2,15208,1012
2018-02-01,"Feb","2018","S08000016","NHS Borders",4514,4146,368,91.8,8.2,4146,368
2018-02-01,"Feb","2018","S08000017","NHS Dumfries and Galloway",6740,6022,718,89.3,10.7,6022,718
2018-02-01,"Feb","2018","S08000019","NHS Forth Valley",11874,10512,1362,88.5,11.5,10512,1362
2018-02-01,"Feb","2018","S08000020","NHS Grampian",19922,18628,1294,93.5,6.5,18628,1294
2018-02-01,"Feb","2018","S08000022","NHS Highland",15054,14210,844,94.4,5.6,14210,844
2018-02-01,"Feb","2018","S08000024","NHS Lothian",41126,33864,7262,82.3,17.7,33864,7262
2018-02-01,"Feb","2018","S08000025","NHS Orkney",952,918,34,96.4,3.6,918,34
2018-02-01,"Feb","2018","S08000026","NHS Shetland",1186,1162,24,98,2,1162,24
2018-02-01,"Feb","2018","S08000028","NHS Western Isles",1348,1330,18,98.7,1.3,1330,18
2018-02-01,"Feb","2018","S08000029","NHS Fife",13182,12848,334,97.5,2.5,12848,334
2018-02-01,"Feb","2018","S08000030","NHS Tayside",15596,15236,360,97.7,2.3,15236,360
2018-02-01,"Feb","2018","S08000031","NHS Greater Glasgow and Clyde",64892,57294,7598,88.3,11.7,57294,7598
2018-02-01,"Feb","2018","S08000032","NHS Lanarkshire",30726,28464,2262,92.6,7.4,28464,2262
2018-03-01,"Mar","2018","S08000015","NHS Ayrshire and Arran",19334,17558,1776,90.8,9.2,17558,1776
2018-03-01,"Mar","2018","S08000016","NHS Borders",5168,4626,542,89.5,10.5,4626,542
2018-03-01,"Mar","2018","S08000017","NHS Dumfries and Galloway",7728,6976,752,90.3,9.7,6976,752
2018-03-01,"Mar","2018","S08000019","NHS Forth Valley",13594,11344,2250,83.4,16.6,11344,2250
2018-03-01,"Mar","2018","S08000020","NHS Grampian",22918,21564,1354,94.1,5.9,21564,1354
2018-03-01,"Mar","2018","S08000022","NHS Highland",17032,16354,678,96,4,16354,678
2018-03-01,"Mar","2018","S08000024","NHS Lothian",46048,34732,11316,75.4,24.6,34732,11316
2018-03-01,"Mar","2018","S08000025","NHS Orkney",1026,984,42,95.9,4.1,984,42
2018-03-01,"Mar","2018","S08000026","NHS Shetland",1284,1212,72,94.4,5.6,1212,72
2018-03-01,"Mar","2018","S08000028","NHS Western Isles",1536,1500,36,97.7,2.3,1500,36
2018-03-01,"Mar","2018","S08000029","NHS Fife",14536,13752,784,94.6,5.4,13752,784
2018-03-01,"Mar","2018","S08000030","NHS Tayside",16826,16490,336,98,2,16490,336
2018-03-01,"Mar","2018","S08000031","NHS Greater Glasgow and Clyde",73276,63526,9750,86.7,13.3,63526,9750
2018-03-01,"Mar","2018","S08000032","NHS Lanarkshire",35304,31776,3528,90,10,31776,3528
2018-04-01,"Apr","2018","S08000015","NHS Ayrshire and Arran",18914,17400,1514,92,8,17400,1514
2018-04-01,"Apr","2018","S08000016","NHS Borders",5336,4636,700,86.9,13.1,4636,700
2018-04-01,"Apr","2018","S08000017","NHS Dumfries and Galloway",7652,6976,676,91.2,8.8,6976,676
2018-04-01,"Apr","2018","S08000019","NHS Forth Valley",13840,11880,1960,85.8,14.2,11880,1960
2018-04-01,"Apr","2018","S08000020","NHS Grampian",23036,21766,1270,94.5,5.5,21766,1270
2018-04-01,"Apr","2018","S08000022","NHS Highland",17242,16680,562,96.7,3.3,16680,562
2018-04-01,"Apr","2018","S08000024","NHS Lothian",45072,37158,7914,82.4,17.6,37158,7914
2018-04-01,"Apr","2018","S08000025","NHS Orkney",1066,1018,48,95.5,4.5,1018,48
2018-04-01,"Apr","2018","S08000026","NHS Shetland",1294,1236,58,95.5,4.5,1236,58
2018-04-01,"Apr","2018","S08000028","NHS Western Isles",1570,1560,10,99.4,0.6,1560,10
2018-04-01,"Apr","2018","S08000029","NHS Fife",15586,15046,540,96.5,3.5,15046,540
2018-04-01,"Apr","2018","S08000030","NHS Tayside",17972,17732,240,98.7,1.3,17732,240
2018-04-01,"Apr","2018","S08000031","NHS Greater Glasgow and Clyde",72214,63650,8564,88.1,11.9,63650,8564
2018-04-01,"Apr","2018","S08000032","NHS Lanarkshire",34732,31206,3526,89.8,10.2,31206,3526
2018-05-01,"May","2018","S08000015","NHS Ayrshire and Arran",20728,20126,602,97.1,2.9,20126,602
2018-05-01,"May","2018","S08000016","NHS Borders",5844,5448,396,93.2,6.8,5448,396
2018-05-01,"May","2018","S08000017","NHS Dumfries and Galloway",8524,8006,518,93.9,6.1,8006,518
2018-05-01,"May","2018","S08000019","NHS Forth Valley",15450,13688,1762,88.6,11.4,13688,1762
2018-05-01,"May","2018","S08000020","NHS Grampian",25610,24464,1146,95.5,4.5,24464,1146
2018-05-01,"May","2018","S08000022","NHS Highland",20626,20012,614,97,3,20012,614
2018-05-01,"May","2018","S08000024","NHS Lothian",48964,42214,6750,86.2,13.8,42214,6750
2018-05-01,"May","2018","S08000025","NHS Orkney",1192,1152,40,96.6,3.4,1152,40
2018-05-01,"May","2018","S08000026","NHS Shetland",1320,1274,46,96.5,3.5,1274,46
2018-05-01,"May","2018","S08000028","NHS Western Isles",1690,1670,20,98.8,1.2,1670,20
2018-05-01,"May","2018","S08000029","NHS Fife",17522,17012,510,97.1,2.9,17012,510
2018-05-01,"May","2018","S08000030","NHS Tayside",20634,20160,474,97.7,2.3,20160,474
2018-05-01,"May","2018","S08000031","NHS Greater Glasgow and Clyde",80040,74298,5742,92.8,7.2,74298,5742
2018-05-01,"May","2018","S08000032","NHS Lanarkshire",38022,35376,2646,93,7,35376,2646
2018-06-01,"Jun","2018","S08000015","NHS Ayrshire and Arran",20542,19778,764,96.3,3.7,19778,764
2018-06-01,"Jun","2018","S08000016","NHS Borders",5892,5436,456,92.3,7.7,5436,456
2018-06-01,"Jun","2018","S08000017","NHS Dumfries and Galloway",8344,7850,494,94.1,5.9,7850,494
2018-06-01,"Jun","2018","S08000019","NHS Forth Valley",14960,13390,1570,89.5,10.5,13390,1570
2018-06-01,"Jun","2018","S08000020","NHS Grampian",25316,24126,1190,95.3,4.7,24126,1190
2018-06-01,"Jun","2018","S08000022","NHS Highland",20384,19572,812,96,4,19572,812
2018-06-01,"Jun","2018","S08000024","NHS Lothian",46420,39762,6658,85.7,14.3,39762,6658
2018-06-01,"Jun","2018","S08000025","NHS Orkney",1296,1266,30,97.7,2.3,1266,30
2018-06-01,"Jun","2018","S08000026","NHS Shetland",1378,1322,56,95.9,4.1,1322,56
2018-06-01,"Jun","2018","S08000028","NHS Western Isles",1734,1710,24,98.6,1.4,1710,24
2018-06-01,"Jun","2018","S08000029","NHS Fife",16452,15926,526,96.8,3.2,15926,526
2018-06-01,"Jun","2018","S08000030","NHS Tayside",19278,18914,364,98.1,1.9,18914,364
2018-06-01,"Jun","2018","S08000031","NHS Greater Glasgow and Clyde",75576,70770,4806,93.6,6.4,70770,4806
2018-06-01,"Jun","2018","S08000032","NHS Lanarkshire",35706,32362,3344,90.6,9.4,32362,3344
2018-07-01,"Jul","2018","S08000015","NHS Ayrshire and Arran",20126,19312,814,96,4,19312,814
2018-07-01,"Jul","2018","S08000016","NHS Borders",5940,5422,518,91.3,8.7,5422,518
2018-07-01,"Jul","2018","S08000017","NHS Dumfries and Galloway",8498,7938,560,93.4,6.6,7938,560
2018-07-01,"Jul","2018","S08000019","NHS Forth Valley",14878,13346,1532,89.7,10.3,13346,1532
2018-07-01,"Jul","2018","S08000020","NHS Grampian",24456,23428,1028,95.8,4.2,23428,1028
2018-07-01,"Jul","2018","S08000022","NHS Highland",20072,19570,502,97.5,2.5,19570,502
2018-07-01,"Jul","2018","S08000024","NHS Lothian",45922,39314,6608,85.6,14.4,39314,6608
2018-07-01,"Jul","2018","S08000025","NHS Orkney",1180,1150,30,97.5,2.5,1150,30
2018-07-01,"Jul","2018","S08000026","NHS Shetland",1264,1198,66,94.8,5.2,1198,66
2018-07-01,"Jul","2018","S08000028","NHS Western Isles",1890,1872,18,99,1,1872,18
2018-07-01,"Jul","2018","S08000029","NHS Fife",16464,15826,638,96.1,3.9,15826,638
2018-07-01,"Jul","2018","S08000030","NHS Tayside",19876,19544,332,98.3,1.7,19544,332
2018-07-01,"Jul","2018","S08000031","NHS Greater Glasgow and Clyde",75254,70454,4800,93.6,6.4,70454,4800
2018-07-01,"Jul","2018","S08000032","NHS Lanarkshire",35462,32552,2910,91.8,8.2,32552,2910
2018-08-01,"Aug","2018","S08000015","NHS Ayrshire and Arran",19496,18432,1064,94.5,5.5,18432,1064
2018-08-01,"Aug","2018","S08000016","NHS Borders",5818,5494,324,94.4,5.6,5494,324
2018-08-01,"Aug","2018","S08000017","NHS Dumfries and Galloway",8562,8016,546,93.6,6.4,8016,546
2018-08-01,"Aug","2018","S08000019","NHS Forth Valley",14476,12234,2242,84.5,15.5,12234,2242
2018-08-01,"Aug","2018","S08000020","NHS Grampian",24086,22914,1172,95.1,4.9,22914,1172
2018-08-01,"Aug","2018","S08000022","NHS Highland",20304,19602,702,96.5,3.5,19602,702
2018-08-01,"Aug","2018","S08000024","NHS Lothian",48130,40722,7408,84.6,15.4,40722,7408
2018-08-01,"Aug","2018","S08000025","NHS Orkney",1244,1202,42,96.6,3.4,1202,42
2018-08-01,"Aug","2018","S08000026","NHS Shetland",1316,1290,26,98,2,1290,26
2018-08-01,"Aug","2018","S08000028","NHS Western Isles",1662,1654,8,99.5,0.5,1654,8
2018-08-01,"Aug","2018","S08000029","NHS Fife",15912,15476,436,97.3,2.7,15476,436
2018-08-01,"Aug","2018","S08000030","NHS Tayside",18988,18418,570,97,3,18418,570
2018-08-01,"Aug","2018","S08000031","NHS Greater Glasgow and Clyde",73970,67730,6240,91.6,8.4,67730,6240
2018-08-01,"Aug","2018","S08000032","NHS Lanarkshire",35792,33342,2450,93.2,6.8,33342,2450
2018-09-01,"Sep","2018","S08000015","NHS Ayrshire and Arran",19330,17786,1544,92,8,17786,1544
2018-09-01,"Sep","2018","S08000016","NHS Borders",5504,5300,204,96.3,3.7,5300,204
2018-09-01,"Sep","2018","S08000017","NHS Dumfries and Galloway",7990,7368,622,92.2,7.8,7368,622
2018-09-01,"Sep","2018","S08000019","NHS Forth Valley",14402,11836,2566,82.2,17.8,11836,2566
2018-09-01,"Sep","2018","S08000020","NHS Grampian",23880,22626,1254,94.7,5.3,22626,1254
2018-09-01,"Sep","2018","S08000022","NHS Highland",18134,17490,644,96.4,3.6,17490,644
2018-09-01,"Sep","2018","S08000024","NHS Lothian",46236,38592,7644,83.5,16.5,38592,7644
2018-09-01,"Sep","2018","S08000025","NHS Orkney",1144,1072,72,93.7,6.3,1072,72
2018-09-01,"Sep","2018","S08000026","NHS Shetland",1178,1138,40,96.6,3.4,1138,40
2018-09-01,"Sep","2018","S08000028","NHS Western Isles",1576,1550,26,98.4,1.6,1550,26
2018-09-01,"Sep","2018","S08000029","NHS Fife",15496,14812,684,95.6,4.4,14812,684
2018-09-01,"Sep","2018","S08000030","NHS Tayside",18830,18356,474,97.5,2.5,18356,474
2018-09-01,"Sep","2018","S08000031","NHS Greater Glasgow and Clyde",73026,66248,6778,90.7,9.3,66248,6778
2018-09-01,"Sep","2018","S08000032","NHS Lanarkshire",34466,31440,3026,91.2,8.8,31440,3026
2018-10-01,"Oct","2018","S08000015","NHS Ayrshire and Arran",19488,18270,1218,93.8,6.2,18270,1218
2018-10-01,"Oct","2018","S08000016","NHS Borders",5722,5416,306,94.7,5.3,5416,306
2018-10-01,"Oct","2018","S08000017","NHS Dumfries and Galloway",7722,7318,404,94.8,5.2,7318,404
2018-10-01,"Oct","2018","S08000019","NHS Forth Valley",14124,11738,2386,83.1,16.9,11738,2386
2018-10-01,"Oct","2018","S08000020","NHS Grampian",21858,20842,1016,95.4,4.6,20842,1016
2018-10-01,"Oct","2018","S08000022","NHS Highland",16572,16076,496,97,3,16076,496
2018-10-01,"Oct","2018","S08000024","NHS Lothian",46504,41512,4992,89.3,10.7,41512,4992
2018-10-01,"Oct","2018","S08000025","NHS Orkney",986,940,46,95.3,4.7,940,46
2018-10-01,"Oct","2018","S08000026","NHS Shetland",1306,1252,54,95.9,4.1,1252,54
2018-10-01,"Oct","2018","S08000028","NHS Western Isles",1450,1440,10,99.3,0.7,1440,10
2018-10-01,"Oct","2018","S08000029","NHS Fife",15102,14464,638,95.8,4.2,14464,638
2018-10-01,"Oct","2018","S08000030","NHS Tayside",17128,16892,236,98.6,1.4,16892,236
2018-10-01,"Oct","2018","S08000031","NHS Greater Glasgow and Clyde",73660,67074,6586,91.1,8.9,67074,6586
2018-10-01,"Oct","2018","S08000032","NHS Lanarkshire",34708,31610,3098,91.1,8.9,31610,3098
2018-11-01,"Nov","2018","S08000015","NHS Ayrshire and Arran",18686,17206,1480,92.1,7.9,17206,1480
2018-11-01,"Nov","2018","S08000016","NHS Borders",5156,4978,178,96.5,3.5,4978,178
2018-11-01,"Nov","2018","S08000017","NHS Dumfries and Galloway",7424,7064,360,95.2,4.8,7064,360
2018-11-01,"Nov","2018","S08000019","NHS Forth Valley",13588,10646,2942,78.3,21.7,10646,2942
2018-11-01,"Nov","2018","S08000020","NHS Grampian",21576,20370,1206,94.4,5.6,20370,1206
2018-11-01,"Nov","2018","S08000022","NHS Highland",15680,15254,426,97.3,2.7,15254,426
2018-11-01,"Nov","2018","S08000024","NHS Lothian",46990,41930,5060,89.2,10.8,41930,5060
2018-11-01,"Nov","2018","S08000025","NHS Orkney",1040,986,54,94.8,5.2,986,54
2018-11-01,"Nov","2018","S08000026","NHS Shetland",1364,1326,38,97.2,2.8,1326,38
2018-11-01,"Nov","2018","S08000028","NHS Western Isles",1340,1324,16,98.8,1.2,1324,16
2018-11-01,"Nov","2018","S08000029","NHS Fife",14916,14260,656,95.6,4.4,14260,656
2018-11-01,"Nov","2018","S08000030","NHS Tayside",16864,16424,440,97.4,2.6,16424,440
2018-11-01,"Nov","2018","S08000031","NHS Greater Glasgow and Clyde",72152,65042,7110,90.1,9.9,65042,7110
2018-11-01,"Nov","2018","S08000032","NHS Lanarkshire",34014,30326,3688,89.2,10.8,30326,3688
2018-12-01,"Dec","2018","S08000015","NHS Ayrshire and Arran",19196,17436,1760,90.8,9.2,17436,1760
2018-12-01,"Dec","2018","S08000016","NHS Borders",5136,4832,304,94.1,5.9,4832,304
2018-12-01,"Dec","2018","S08000017","NHS Dumfries and Galloway",7820,7022,798,89.8,10.2,7022,798
2018-12-01,"Dec","2018","S08000019","NHS Forth Valley",13886,10892,2994,78.4,21.6,10892,2994
2018-12-01,"Dec","2018","S08000020","NHS Grampian",22770,21292,1478,93.5,6.5,21292,1478
2018-12-01,"Dec","2018","S08000022","NHS Highland",16566,15900,666,96,4,15900,666
2018-12-01,"Dec","2018","S08000024","NHS Lothian",47424,40698,6726,85.8,14.2,40698,6726
2018-12-01,"Dec","2018","S08000025","NHS Orkney",1070,1012,58,94.6,5.4,1012,58
2018-12-01,"Dec","2018","S08000026","NHS Shetland",1298,1266,32,97.5,2.5,1266,32
2018-12-01,"Dec","2018","S08000028","NHS Western Isles",1476,1462,14,99.1,0.9,1462,14
2018-12-01,"Dec","2018","S08000029","NHS Fife",14850,13786,1064,92.8,7.2,13786,1064
2018-12-01,"Dec","2018","S08000030","NHS Tayside",16872,16434,438,97.4,2.6,16434,438
2018-12-01,"Dec","2018","S08000031","NHS Greater Glasgow and Clyde",73576,64336,9240,87.4,12.6,64336,9240
2018-12-01,"Dec","2018","S08000032","NHS Lanarkshire",34314,31068,3246,90.5,9.5,31068,3246
2019-01-01,"Jan","2019","S08000015","NHS Ayrshire and Arran",19190,16858,2332,87.8,12.2,16858,2332
2019-01-01,"Jan","2019","S08000016","NHS Borders",5344,4988,356,93.3,6.7,4988,356
2019-01-01,"Jan","2019","S08000017","NHS Dumfries and Galloway",7504,6768,736,90.2,9.8,6768,736
2019-01-01,"Jan","2019","S08000019","NHS Forth Valley",13834,11356,2478,82.1,17.9,11356,2478
2019-01-01,"Jan","2019","S08000020","NHS Grampian",22224,20626,1598,92.8,7.2,20626,1598
2019-01-01,"Jan","2019","S08000022","NHS Highland",16152,15360,792,95.1,4.9,15360,792
2019-01-01,"Jan","2019","S08000024","NHS Lothian",47470,40674,6796,85.7,14.3,40674,6796
2019-01-01,"Jan","2019","S08000025","NHS Orkney",1040,998,42,96,4,998,42
2019-01-01,"Jan","2019","S08000026","NHS Shetland",1250,1198,52,95.8,4.2,1198,52
2019-01-01,"Jan","2019","S08000028","NHS Western Isles",1356,1336,20,98.5,1.5,1336,20
2019-01-01,"Jan","2019","S08000029","NHS Fife",14794,13570,1224,91.7,8.3,13570,1224
2019-01-01,"Jan","2019","S08000030","NHS Tayside",16738,16238,500,97,3,16238,500
2019-01-01,"Jan","2019","S08000031","NHS Greater Glasgow and Clyde",74832,65188,9644,87.1,12.9,65188,9644
2019-01-01,"Jan","2019","S08000032","NHS Lanarkshire",36042,31386,4656,87.1,12.9,31386,4656
2019-02-01,"Feb","2019","S08000015","NHS Ayrshire and Arran",17564,15174,2390,86.4,13.6,15174,2390
2019-02-01,"Feb","2019","S08000016","NHS Borders",4850,4430,420,91.3,8.7,4430,420
2019-02-01,"Feb","2019","S08000017","NHS Dumfries and Galloway",7388,6534,854,88.4,11.6,6534,854
2019-02-01,"Feb","2019","S08000019","NHS Forth Valley",12682,12054,628,95,5,12054,628
2019-02-01,"Feb","2019","S08000020","NHS Grampian",21840,19802,2038,90.7,9.3,19802,2038
2019-02-01,"Feb","2019","S08000022","NHS Highland",15222,14470,752,95.1,4.9,14470,752
2019-02-01,"Feb","2019","S08000024","NHS Lothian",44518,37818,6700,84.9,15.1,37818,6700
2019-02-01,"Feb","2019","S08000025","NHS Orkney",1000,956,44,95.6,4.4,956,44
2019-02-01,"Feb","2019","S08000026","NHS Shetland",1232,1158,74,94,6,1158,74
2019-02-01,"Feb","2019","S08000028","NHS Western Isles",1290,1276,14,98.9,1.1,1276,14
2019-02-01,"Feb","2019","S08000029","NHS Fife",14242,13112,1130,92.1,7.9,13112,1130
2019-02-01,"Feb","2019","S08000030","NHS Tayside",16368,15768,600,96.3,3.7,15768,600
2019-02-01,"Feb","2019","S08000031","NHS Greater Glasgow and Clyde",68822,60174,8648,87.4,12.6,60174,8648
2019-02-01,"Feb","2019","S08000032","NHS Lanarkshire",33076,29596,3480,89.5,10.5,29596,3480
2019-03-01,"Mar","2019","S08000015","NHS Ayrshire and Arran",20140,17482,2658,86.8,13.2,17482,2658
2019-03-01,"Mar","2019","S08000016","NHS Borders",5368,5190,178,96.7,3.3,5190,178
2019-03-01,"Mar","2019","S08000017","NHS Dumfries and Galloway",7608,7096,512,93.3,6.7,7096,512
2019-03-01,"Mar","2019","S08000019","NHS Forth Valley",14826,14196,630,95.8,4.2,14196,630
2019-03-01,"Mar","2019","S08000020","NHS Grampian",23742,22496,1246,94.8,5.2,22496,1246
2019-03-01,"Mar","2019","S08000022","NHS Highland",17506,16872,634,96.4,3.6,16872,634
2019-03-01,"Mar","2019","S08000024","NHS Lothian",48810,42794,6016,87.7,12.3,42794,6016
2019-03-01,"Mar","2019","S08000025","NHS Orkney",1104,1034,70,93.7,6.3,1034,70
2019-03-01,"Mar","2019","S08000026","NHS Shetland",1336,1296,40,97,3,1296,40
2019-03-01,"Mar","2019","S08000028","NHS Western Isles",1544,1524,20,98.7,1.3,1524,20
2019-03-01,"Mar","2019","S08000029","NHS Fife",15862,14996,866,94.5,5.5,14996,866
2019-03-01,"Mar","2019","S08000030","NHS Tayside",18556,17860,696,96.2,3.8,17860,696
2019-03-01,"Mar","2019","S08000031","NHS Greater Glasgow and Clyde",76546,68036,8510,88.9,11.1,68036,8510
2019-03-01,"Mar","2019","S08000032","NHS Lanarkshire",36180,33180,3000,91.7,8.3,33180,3000
2019-04-01,"Apr","2019","S08000015","NHS Ayrshire and Arran",20462,17894,2568,87.4,12.6,17894,2568
2019-04-01,"Apr","2019","S08000016","NHS Borders",5848,5536,312,94.7,5.3,5536,312
2019-04-01,"Apr","2019","S08000017","NHS Dumfries and Galloway",8496,7908,588,93.1,6.9,7908,588
2019-04-01,"Apr","2019","S08000019","NHS Forth Valley",15044,13862,1182,92.1,7.9,13862,1182
2019-04-01,"Apr","2019","S08000020","NHS Grampian",23458,21982,1476,93.7,6.3,21982,1476
2019-04-01,"Apr","2019","S08000022","NHS Highland",18870,17932,938,95,5,17932,938
2019-04-01,"Apr","2019","S08000024","NHS Lothian",47662,41726,5936,87.5,12.5,41726,5936
2019-04-01,"Apr","2019","S08000025","NHS Orkney",1132,1042,90,92,8,1042,90
2019-04-01,"Apr","2019","S08000026","NHS Shetland",1298,1242,56,95.7,4.3,1242,56
2019-04-01,"Apr","2019","S08000028","NHS Western Isles",1594,1580,14,99.1,0.9,1580,14
2019-04-01,"Apr","2019","S08000029","NHS Fife",16128,15266,862,94.7,5.3,15266,862
2019-04-01,"Apr","2019","S08000030","NHS Tayside",18516,17814,702,96.2,3.8,17814,702
2019-04-01,"Apr","2019","S08000031","NHS Greater Glasgow and Clyde",75522,65270,10252,86.4,13.6,65270,10252
2019-04-01,"Apr","2019","S08000032","NHS Lanarkshire",36650,32340,4310,88.2,11.8,32340,4310
2019-05-01,"May","2019","S08000015","NHS Ayrshire and Arran",21254,19380,1874,91.2,8.8,19380,1874
2019-05-01,"May","2019","S08000016","NHS Borders",6000,5724,276,95.4,4.6,5724,276
2019-05-01,"May","2019","S08000017","NHS Dumfries and Galloway",8818,8168,650,92.6,7.4,8168,650
2019-05-01,"May","2019","S08000019","NHS Forth Valley",15610,14036,1574,89.9,10.1,14036,1574
2019-05-01,"May","2019","S08000020","NHS Grampian",24332,22902,1430,94.1,5.9,22902,1430
2019-05-01,"May","2019","S08000022","NHS Highland",19788,18956,832,95.8,4.2,18956,832
2019-05-01,"May","2019","S08000024","NHS Lothian",49080,43422,5658,88.5,11.5,43422,5658
2019-05-01,"May","2019","S08000025","NHS Orkney",1178,1118,60,94.9,5.1,1118,60
2019-05-01,"May","2019","S08000026","NHS Shetland",1364,1328,36,97.4,2.6,1328,36
2019-05-01,"May","2019","S08000028","NHS Western Isles",1730,1698,32,98.2,1.8,1698,32
2019-05-01,"May","2019","S08000029","NHS Fife",16924,15990,934,94.5,5.5,15990,934
2019-05-01,"May","2019","S08000030","NHS Tayside",19146,18540,606,96.8,3.2,18540,606
2019-05-01,"May","2019","S08000031","NHS Greater Glasgow and Clyde",78228,68782,9446,87.9,12.1,68782,9446
2019-05-01,"May","2019","S08000032","NHS Lanarkshire",37976,33362,4614,87.9,12.1,33362,4614
2019-06-01,"Jun","2019","S08000015","NHS Ayrshire and Arran",20794,18810,1984,90.5,9.5,18810,1984
2019-06-01,"Jun","2019","S08000016","NHS Borders",5982,5608,374,93.7,6.3,5608,374
2019-06-01,"Jun","2019","S08000017","NHS Dumfries and Galloway",8408,7674,734,91.3,8.7,7674,734
2019-06-01,"Jun","2019","S08000019","NHS Forth Valley",15442,13508,1934,87.5,12.5,13508,1934
2019-06-01,"Jun","2019","S08000020","NHS Grampian",24408,22750,1658,93.2,6.8,22750,1658
2019-06-01,"Jun","2019","S08000022","NHS Highland",19860,19070,790,96,4,19070,790
2019-06-01,"Jun","2019","S08000024","NHS Lothian",48392,42810,5582,88.5,11.5,42810,5582
2019-06-01,"Jun","2019","S08000025","NHS Orkney",1188,1154,34,97.1,2.9,1154,34
2019-06-01,"Jun","2019","S08000026","NHS Shetland",1404,1386,18,98.7,1.3,1386,18
2019-06-01,"Jun","2019","S08000028","NHS Western Isles",1704,1670,34,98,2,1670,34
2019-06-01,"Jun","2019","S08000029","NHS Fife",16006,15188,818,94.9,5.1,15188,818
2019-06-01,"Jun","2019","S08000030","NHS Tayside",19762,18830,932,95.3,4.7,18830,932
2019-06-01,"Jun","2019","S08000031","NHS Greater Glasgow and Clyde",75796,66468,9328,87.7,12.3,66468,9328
2019-06-01,"Jun","2019","S08000032","NHS Lanarkshire",36108,31772,4336,88,12,31772,4336
2019-07-01,"Jul","2019","S08000015","NHS Ayrshire and Arran",20896,18524,2372,88.6,11.4,18524,2372
2019-07-01,"Jul","2019","S08000016","NHS Borders",6208,5700,508,91.8,8.2,5700,508
2019-07-01,"Jul","2019","S08000017","NHS Dumfries and Galloway",8984,8100,884,90.2,9.8,8100,884
2019-07-01,"Jul","2019","S08000019","NHS Forth Valley",15508,14010,1498,90.3,9.7,14010,1498
2019-07-01,"Jul","2019","S08000020","NHS Grampian",25028,23366,1662,93.4,6.6,23366,1662
2019-07-01,"Jul","2019","S08000022","NHS Highland",21464,20484,980,95.4,4.6,20484,980
2019-07-01,"Jul","2019","S08000024","NHS Lothian",48268,44444,3824,92.1,7.9,44444,3824
2019-07-01,"Jul","2019","S08000025","NHS Orkney",1354,1294,60,95.6,4.4,1294,60
2019-07-01,"Jul","2019","S08000026","NHS Shetland",1404,1356,48,96.6,3.4,1356,48
2019-07-01,"Jul","2019","S08000028","NHS Western Isles",1956,1938,18,99.1,0.9,1938,18
2019-07-01,"Jul","2019","S08000029","NHS Fife",16876,16054,822,95.1,4.9,16054,822
2019-07-01,"Jul","2019","S08000030","NHS Tayside",20260,19638,622,96.9,3.1,19638,622
2019-07-01,"Jul","2019","S08000031","NHS Greater Glasgow and Clyde",76242,67362,8880,88.4,11.6,67362,8880
2019-07-01,"Jul","2019","S08000032","NHS Lanarkshire",36954,32628,4326,88.3,11.7,32628,4326
2019-08-01,"Aug","2019","S08000015","NHS Ayrshire and Arran",20616,17548,3068,85.1,14.9,17548,3068
2019-08-01,"Aug","2019","S08000016","NHS Borders",6188,5732,456,92.6,7.4,5732,456
2019-08-01,"Aug","2019","S08000017","NHS Dumfries and Galloway",9538,8960,578,93.9,6.1,8960,578
2019-08-01,"Aug","2019","S08000019","NHS Forth Valley",16088,14454,1634,89.8,10.2,14454,1634
2019-08-01,"Aug","2019","S08000020","NHS Grampian",24360,22854,1506,93.8,6.2,22854,1506
2019-08-01,"Aug","2019","S08000022","NHS Highland",21150,20266,884,95.8,4.2,20266,884
2019-08-01,"Aug","2019","S08000024","NHS Lothian",50360,45478,4882,90.3,9.7,45478,4882
2019-08-01,"Aug","2019","S08000025","NHS Orkney",1302,1274,28,97.8,2.2,1274,28
2019-08-01,"Aug","2019","S08000026","NHS Shetland",1516,1448,68,95.5,4.5,1448,68
2019-08-01,"Aug","2019","S08000028","NHS Western Isles",1774,1764,10,99.4,0.6,1764,10
2019-08-01,"Aug","2019","S08000029","NHS Fife",17022,15940,1082,93.6,6.4,15940,1082
2019-08-01,"Aug","2019","S08000030","NHS Tayside",20078,19244,834,95.8,4.2,19244,834
2019-08-01,"Aug","2019","S08000031","NHS Greater Glasgow and Clyde",77450,69592,7858,89.9,10.1,69592,7858
2019-08-01,"Aug","2019","S08000032","NHS Lanarkshire",37586,31730,5856,84.4,15.6,31730,5856
2019-09-01,"Sep","2019","S08000015","NHS Ayrshire and Arran",20440,18646,1794,91.2,8.8,18646,1794
2019-09-01,"Sep","2019","S08000016","NHS Borders",5764,5332,432,92.5,7.5,5332,432
2019-09-01,"Sep","2019","S08000017","NHS Dumfries and Galloway",8800,8100,700,92,8,8100,700
2019-09-01,"Sep","2019","S08000019","NHS Forth Valley",16096,14070,2026,87.4,12.6,14070,2026
2019-09-01,"Sep","2019","S08000020","NHS Grampian",24822,22988,1834,92.6,7.4,22988,1834
2019-09-01,"Sep","2019","S08000022","NHS Highland",19640,18690,950,95.2,4.8,18690,950
2019-09-01,"Sep","2019","S08000024","NHS Lothian",50434,44550,5884,88.3,11.7,44550,5884
2019-09-01,"Sep","2019","S08000025","NHS Orkney",1228,1212,16,98.7,1.3,1212,16
2019-09-01,"Sep","2019","S08000026","NHS Shetland",1264,1206,58,95.4,4.6,1206,58
2019-09-01,"Sep","2019","S08000028","NHS Western Isles",1682,1660,22,98.7,1.3,1660,22
2019-09-01,"Sep","2019","S08000029","NHS Fife",16670,15336,1334,92,8,15336,1334
2019-09-01,"Sep","2019","S08000030","NHS Tayside",19698,18874,824,95.8,4.2,18874,824
2019-09-01,"Sep","2019","S08000031","NHS Greater Glasgow and Clyde",78280,68068,10212,87,13,68068,10212
2019-09-01,"Sep","2019","S08000032","NHS Lanarkshire",36998,30710,6288,83,17,30710,6288
2019-10-01,"Oct","2019","S08000015","NHS Ayrshire and Arran",19706,16838,2868,85.4,14.6,16838,2868
2019-10-01,"Oct","2019","S08000016","NHS Borders",5684,5202,482,91.5,8.5,5202,482
2019-10-01,"Oct","2019","S08000017","NHS Dumfries and Galloway",8672,7904,768,91.1,8.9,7904,768
2019-10-01,"Oct","2019","S08000019","NHS Forth Valley",15480,13682,1798,88.4,11.6,13682,1798
2019-10-01,"Oct","2019","S08000020","NHS Grampian",23484,21672,1812,92.3,7.7,21672,1812
2019-10-01,"Oct","2019","S08000022","NHS Highland",17444,16496,948,94.6,5.4,16496,948
2019-10-01,"Oct","2019","S08000024","NHS Lothian",50162,43366,6796,86.5,13.5,43366,6796
2019-10-01,"Oct","2019","S08000025","NHS Orkney",1136,1106,30,97.4,2.6,1106,30
2019-10-01,"Oct","2019","S08000026","NHS Shetland",1176,1084,92,92.2,7.8,1084,92
2019-10-01,"Oct","2019","S08000028","NHS Western Isles",1532,1520,12,99.2,0.8,1520,12
2019-10-01,"Oct","2019","S08000029","NHS Fife",15292,14172,1120,92.7,7.3,14172,1120
2019-10-01,"Oct","2019","S08000030","NHS Tayside",18136,17508,628,96.5,3.5,17508,628
2019-10-01,"Oct","2019","S08000031","NHS Greater Glasgow and Clyde",77220,65124,12096,84.3,15.7,65124,12096
2019-10-01,"Oct","2019","S08000032","NHS Lanarkshire",37012,30616,6396,82.7,17.3,30616,6396
2019-11-01,"Nov","2019","S08000015","NHS Ayrshire and Arran",19150,15736,3414,82.2,17.8,15736,3414
2019-11-01,"Nov","2019","S08000016","NHS Borders",5580,4778,802,85.6,14.4,4778,802
2019-11-01,"Nov","2019","S08000017","NHS Dumfries and Galloway",7948,7028,920,88.4,11.6,7028,920
2019-11-01,"Nov","2019","S08000019","NHS Forth Valley",14640,12754,1886,87.1,12.9,12754,1886
2019-11-01,"Nov","2019","S08000020","NHS Grampian",23204,21246,1958,91.6,8.4,21246,1958
2019-11-01,"Nov","2019","S08000022","NHS Highland",16544,15464,1080,93.5,6.5,15464,1080
2019-11-01,"Nov","2019","S08000024","NHS Lothian",49030,39908,9122,81.4,18.6,39908,9122
2019-11-01,"Nov","2019","S08000025","NHS Orkney",1082,1062,20,98.2,1.8,1062,20
2019-11-01,"Nov","2019","S08000026","NHS Shetland",1178,1136,42,96.4,3.6,1136,42
2019-11-01,"Nov","2019","S08000028","NHS Western Isles",1388,1380,8,99.4,0.6,1380,8
2019-11-01,"Nov","2019","S08000029","NHS Fife",15362,14242,1120,92.7,7.3,14242,1120
2019-11-01,"Nov","2019","S08000030","NHS Tayside",16990,16450,540,96.8,3.2,16450,540
2019-11-01,"Nov","2019","S08000031","NHS Greater Glasgow and Clyde",76722,62740,13982,81.8,18.2,62740,13982
2019-11-01,"Nov","2019","S08000032","NHS Lanarkshire",35128,28940,6188,82.4,17.6,28940,6188
2019-12-01,"Dec","2019","S08000015","NHS Ayrshire and Arran",19170,15724,3446,82,18,15724,3446
2019-12-01,"Dec","2019","S08000016","NHS Borders",5732,4880,852,85.1,14.9,4880,852
2019-12-01,"Dec","2019","S08000017","NHS Dumfries and Galloway",8530,7356,1174,86.2,13.8,7356,1174
2019-12-01,"Dec","2019","S08000019","NHS Forth Valley",14386,12474,1912,86.7,13.3,12474,1912
2019-12-01,"Dec","2019","S08000020","NHS Grampian",24214,21842,2372,90.2,9.8,21842,2372
2019-12-01,"Dec","2019","S08000022","NHS Highland",17606,16344,1262,92.8,7.2,16344,1262
2019-12-01,"Dec","2019","S08000024","NHS Lothian",47448,38132,9316,80.4,19.6,38132,9316
2019-12-01,"Dec","2019","S08000025","NHS Orkney",1200,1170,30,97.5,2.5,1170,30
2019-12-01,"Dec","2019","S08000026","NHS Shetland",1222,1156,66,94.6,5.4,1156,66
2019-12-01,"Dec","2019","S08000028","NHS Western Isles",1524,1468,56,96.3,3.7,1468,56
2019-12-01,"Dec","2019","S08000029","NHS Fife",15236,13406,1830,88,12,13406,1830
2019-12-01,"Dec","2019","S08000030","NHS Tayside",17490,16912,578,96.7,3.3,16912,578
2019-12-01,"Dec","2019","S08000031","NHS Greater Glasgow and Clyde",73828,59002,14826,79.9,20.1,59002,14826
2019-12-01,"Dec","2019","S08000032","NHS Lanarkshire",35250,27228,8022,77.2,22.8,27228,8022
2020-01-01,"Jan","2020","S08000015","NHS Ayrshire and Arran",18222,14268,3954,78.3,21.7,14268,3954
2020-01-01,"Jan","2020","S08000016","NHS Borders",5552,4892,660,88.1,11.9,4892,660
2020-01-01,"Jan","2020","S08000017","NHS Dumfries and Galloway",7708,6734,974,87.4,12.6,6734,974
2020-01-01,"Jan","2020","S08000019","NHS Forth Valley",14446,12720,1726,88.1,11.9,12720,1726
2020-01-01,"Jan","2020","S08000020","NHS Grampian",23232,21080,2152,90.7,9.3,21080,2152
2020-01-01,"Jan","2020","S08000022","NHS Highland",16322,15390,932,94.3,5.7,15390,932
2020-01-01,"Jan","2020","S08000024","NHS Lothian",47234,39028,8206,82.6,17.4,39028,8206
2020-01-01,"Jan","2020","S08000025","NHS Orkney",1170,1118,52,95.6,4.4,1118,52
2020-01-01,"Jan","2020","S08000026","NHS Shetland",1174,1112,62,94.7,5.3,1112,62
2020-01-01,"Jan","2020","S08000028","NHS Western Isles",1496,1456,40,97.3,2.7,1456,40
2020-01-01,"Jan","2020","S08000029","NHS Fife",15270,13738,1532,90,10,13738,1532
2020-01-01,"Jan","2020","S08000030","NHS Tayside",17028,16684,344,98,2,16684,344
2020-01-01,"Jan","2020","S08000031","NHS Greater Glasgow and Clyde",73588,61048,12540,83,17,61048,12540
2020-01-01,"Jan","2020","S08000032","NHS Lanarkshire",35008,29614,5394,84.6,15.4,29614,5394
2020-02-01,"Feb","2020","S08000015","NHS Ayrshire and Arran",16570,12876,3694,77.7,22.3,12876,3694
2020-02-01,"Feb","2020","S08000016","NHS Borders",4888,4268,620,87.3,12.7,4268,620
2020-02-01,"Feb","2020","S08000017","NHS Dumfries and Galloway",7398,6562,836,88.7,11.3,6562,836
2020-02-01,"Feb","2020","S08000019","NHS Forth Valley",13550,12784,766,94.3,5.7,12784,766
2020-02-01,"Feb","2020","S08000020","NHS Grampian",21424,19824,1600,92.5,7.5,19824,1600
2020-02-01,"Feb","2020","S08000022","NHS Highland",15144,14266,878,94.2,5.8,14266,878
2020-02-01,"Feb","2020","S08000024","NHS Lothian",43818,36014,7804,82.2,17.8,36014,7804
2020-02-01,"Feb","2020","S08000025","NHS Orkney",1124,1058,66,94.1,5.9,1058,66
2020-02-01,"Feb","2020","S08000026","NHS Shetland",1182,1092,90,92.4,7.6,1092,90
2020-02-01,"Feb","2020","S08000028","NHS Western Isles",1216,1198,18,98.5,1.5,1198,18
2020-02-01,"Feb","2020","S08000029","NHS Fife",14398,12974,1424,90.1,9.9,12974,1424
2020-02-01,"Feb","2020","S08000030","NHS Tayside",16142,15766,376,97.7,2.3,15766,376
2020-02-01,"Feb","2020","S08000031","NHS Greater Glasgow and Clyde",67560,57284,10276,84.8,15.2,57284,10276
2020-02-01,"Feb","2020","S08000032","NHS Lanarkshire",32268,27512,4756,85.3,14.7,27512,4756
2020-03-01,"Mar","2020","S08000015","NHS Ayrshire and Arran",14296,12432,1864,87,13,12432,1864
2020-03-01,"Mar","2020","S08000016","NHS Borders",3920,3382,538,86.3,13.7,3382,538
2020-03-01,"Mar","2020","S08000017","NHS Dumfries and Galloway",6198,5498,700,88.7,11.3,5498,700
2020-03-01,"Mar","2020","S08000019","NHS Forth Valley",11236,10468,768,93.2,6.8,10468,768
2020-03-01,"Mar","2020","S08000020","NHS Grampian",17824,16338,1486,91.7,8.3,16338,1486
2020-03-01,"Mar","2020","S08000022","NHS Highland",11966,11288,678,94.3,5.7,11288,678
2020-03-01,"Mar","2020","S08000024","NHS Lothian",35528,30748,4780,86.5,13.5,30748,4780
2020-03-01,"Mar","2020","S08000025","NHS Orkney",830,788,42,94.9,5.1,788,42
2020-03-01,"Mar","2020","S08000026","NHS Shetland",902,820,82,90.9,9.1,820,82
2020-03-01,"Mar","2020","S08000028","NHS Western Isles",976,960,16,98.4,1.6,960,16
2020-03-01,"Mar","2020","S08000029","NHS Fife",11440,10502,938,91.8,8.2,10502,938
2020-03-01,"Mar","2020","S08000030","NHS Tayside",12452,12120,332,97.3,2.7,12120,332
2020-03-01,"Mar","2020","S08000031","NHS Greater Glasgow and Clyde",49654,43554,6100,87.7,12.3,43554,6100
2020-03-01,"Mar","2020","S08000032","NHS Lanarkshire",25228,21780,3448,86.3,13.7,21780,3448
2020-04-01,"Apr","2020","S08000015","NHS Ayrshire and Arran",10806,10400,406,96.2,3.8,10400,406
2020-04-01,"Apr","2020","S08000016","NHS Borders",2988,2672,316,89.4,10.6,2672,316
2020-04-01,"Apr","2020","S08000017","NHS Dumfries and Galloway",4210,3960,250,94.1,5.9,3960,250
2020-04-01,"Apr","2020","S08000019","NHS Forth Valley",7436,7228,208,97.2,2.8,7228,208
2020-04-01,"Apr","2020","S08000020","NHS Grampian",10810,10014,796,92.6,7.4,10014,796
2020-04-01,"Apr","2020","S08000022","NHS Highland",6960,6756,204,97.1,2.9,6756,204
2020-04-01,"Apr","2020","S08000024","NHS Lothian",24060,22962,1098,95.4,4.6,22962,1098
2020-04-01,"Apr","2020","S08000025","NHS Orkney",472,466,6,98.7,1.3,466,6
2020-04-01,"Apr","2020","S08000026","NHS Shetland",704,654,50,92.9,7.1,654,50
2020-04-01,"Apr","2020","S08000028","NHS Western Isles",582,570,12,97.9,2.1,570,12
2020-04-01,"Apr","2020","S08000029","NHS Fife",6774,6558,216,96.8,3.2,6558,216
2020-04-01,"Apr","2020","S08000030","NHS Tayside",7226,7086,140,98.1,1.9,7086,140
2020-04-01,"Apr","2020","S08000031","NHS Greater Glasgow and Clyde",28644,26760,1884,93.4,6.6,26760,1884
2020-04-01,"Apr","2020","S08000032","NHS Lanarkshire",18562,17466,1096,94.1,5.9,17466,1096
2020-05-01,"May","2020","S08000015","NHS Ayrshire and Arran",14842,14262,580,96.1,3.9,14262,580
2020-05-01,"May","2020","S08000016","NHS Borders",3826,3530,296,92.3,7.7,3530,296
2020-05-01,"May","2020","S08000017","NHS Dumfries and Galloway",5656,5350,306,94.6,5.4,5350,306
2020-05-01,"May","2020","S08000019","NHS Forth Valley",9890,9694,196,98,2,9694,196
2020-05-01,"May","2020","S08000020","NHS Grampian",12512,11992,520,95.8,4.2,11992,520
2020-05-01,"May","2020","S08000022","NHS Highland",9524,9134,390,95.9,4.1,9134,390
2020-05-01,"May","2020","S08000024","NHS Lothian",32300,30854,1446,95.5,4.5,30854,1446
2020-05-01,"May","2020","S08000025","NHS Orkney",714,696,18,97.5,2.5,696,18
2020-05-01,"May","2020","S08000026","NHS Shetland",742,734,8,98.9,1.1,734,8
2020-05-01,"May","2020","S08000028","NHS Western Isles",756,740,16,97.9,2.1,740,16
2020-05-01,"May","2020","S08000029","NHS Fife",9978,9630,348,96.5,3.5,9630,348
2020-05-01,"May","2020","S08000030","NHS Tayside",10228,9976,252,97.5,2.5,9976,252
2020-05-01,"May","2020","S08000031","NHS Greater Glasgow and Clyde",40072,38382,1690,95.8,4.2,38382,1690
2020-05-01,"May","2020","S08000032","NHS Lanarkshire",26188,24666,1522,94.2,5.8,24666,1522
2020-06-01,"Jun","2020","S08000015","NHS Ayrshire and Arran",15808,15230,578,96.3,3.7,15230,578
2020-06-01,"Jun","2020","S08000016","NHS Borders",4300,3796,504,88.3,11.7,3796,504
2020-06-01,"Jun","2020","S08000017","NHS Dumfries and Galloway",6132,5796,336,94.5,5.5,5796,336
2020-06-01,"Jun","2020","S08000019","NHS Forth Valley",11718,11392,326,97.2,2.8,11392,326
2020-06-01,"Jun","2020","S08000020","NHS Grampian",14956,14362,594,96,4,14362,594
2020-06-01,"Jun","2020","S08000022","NHS Highland",11230,10854,376,96.7,3.3,10854,376
2020-06-01,"Jun","2020","S08000024","NHS Lothian",35474,33644,1830,94.8,5.2,33644,1830
2020-06-01,"Jun","2020","S08000025","NHS Orkney",798,788,10,98.7,1.3,788,10
2020-06-01,"Jun","2020","S08000026","NHS Shetland",940,922,18,98.1,1.9,922,18
2020-06-01,"Jun","2020","S08000028","NHS Western Isles",992,980,12,98.8,1.2,980,12
2020-06-01,"Jun","2020","S08000029","NHS Fife",11626,11258,368,96.8,3.2,11258,368
2020-06-01,"Jun","2020","S08000030","NHS Tayside",11648,11428,220,98.1,1.9,11428,220
2020-06-01,"Jun","2020","S08000031","NHS Greater Glasgow and Clyde",46636,44920,1716,96.3,3.7,44920,1716
2020-06-01,"Jun","2020","S08000032","NHS Lanarkshire",30204,28182,2022,93.3,6.7,28182,2022
2020-07-01,"Jul","2020","S08000015","NHS Ayrshire and Arran",17258,16486,772,95.5,4.5,16486,772
2020-07-01,"Jul","2020","S08000016","NHS Borders",4862,4438,424,91.3,8.7,4438,424
2020-07-01,"Jul","2020","S08000017","NHS Dumfries and Galloway",6746,6414,332,95.1,4.9,6414,332
2020-07-01,"Jul","2020","S08000019","NHS Forth Valley",12608,12068,540,95.7,4.3,12068,540
2020-07-01,"Jul","2020","S08000020","NHS Grampian",18128,16926,1202,93.4,6.6,16926,1202
2020-07-01,"Jul","2020","S08000022","NHS Highland",14006,13574,432,96.9,3.1,13574,432
2020-07-01,"Jul","2020","S08000024","NHS Lothian",37968,35988,1980,94.8,5.2,35988,1980
2020-07-01,"Jul","2020","S08000025","NHS Orkney",934,926,8,99.1,0.9,926,8
2020-07-01,"Jul","2020","S08000026","NHS Shetland",1042,1038,4,99.6,0.4,1038,4
2020-07-01,"Jul","2020","S08000028","NHS Western Isles",980,970,10,99,1,970,10
2020-07-01,"Jul","2020","S08000029","NHS Fife",12892,12394,498,96.1,3.9,12394,498
2020-07-01,"Jul","2020","S08000030","NHS Tayside",13780,13322,458,96.7,3.3,13322,458
2020-07-01,"Jul","2020","S08000031","NHS Greater Glasgow and Clyde",52112,50086,2026,96.1,3.9,50086,2026
2020-07-01,"Jul","2020","S08000032","NHS Lanarkshire",31054,28750,2304,92.6,7.4,28750,2304
2020-08-01,"Aug","2020","S08000015","NHS Ayrshire and Arran",18406,17228,1178,93.6,6.4,17228,1178
2020-08-01,"Aug","2020","S08000016","NHS Borders",5040,4368,672,86.7,13.3,4368,672
2020-08-01,"Aug","2020","S08000017","NHS Dumfries and Galloway",8038,7518,520,93.5,6.5,7518,520
2020-08-01,"Aug","2020","S08000019","NHS Forth Valley",13504,12580,924,93.2,6.8,12580,924
2020-08-01,"Aug","2020","S08000020","NHS Grampian",18258,17036,1222,93.3,6.7,17036,1222
2020-08-01,"Aug","2020","S08000022","NHS Highland",16152,15316,836,94.8,5.2,15316,836
2020-08-01,"Aug","2020","S08000024","NHS Lothian",42272,38902,3370,92,8,38902,3370
2020-08-01,"Aug","2020","S08000025","NHS Orkney",1040,1026,14,98.7,1.3,1026,14
2020-08-01,"Aug","2020","S08000026","NHS Shetland",1044,1028,16,98.5,1.5,1028,16
2020-08-01,"Aug","2020","S08000028","NHS Western Isles",1328,1310,18,98.6,1.4,1310,18
2020-08-01,"Aug","2020","S08000029","NHS Fife",14136,13490,646,95.4,4.6,13490,646
2020-08-01,"Aug","2020","S08000030","NHS Tayside",14848,14154,694,95.3,4.7,14154,694
2020-08-01,"Aug","2020","S08000031","NHS Greater Glasgow and Clyde",57740,54390,3350,94.2,5.8,54390,3350
2020-08-01,"Aug","2020","S08000032","NHS Lanarkshire",33676,29822,3854,88.6,11.4,29822,3854
2020-09-01,"Sep","2020","S08000015","NHS Ayrshire and Arran",16352,14826,1526,90.7,9.3,14826,1526
2020-09-01,"Sep","2020","S08000016","NHS Borders",4986,4266,720,85.6,14.4,4266,720
2020-09-01,"Sep","2020","S08000017","NHS Dumfries and Galloway",6770,6364,406,94,6,6364,406
2020-09-01,"Sep","2020","S08000019","NHS Forth Valley",12120,11030,1090,91,9,11030,1090
2020-09-01,"Sep","2020","S08000020","NHS Grampian",17800,16636,1164,93.5,6.5,16636,1164
2020-09-01,"Sep","2020","S08000022","NHS Highland",14050,13320,730,94.8,5.2,13320,730
2020-09-01,"Sep","2020","S08000024","NHS Lothian",40940,36764,4176,89.8,10.2,36764,4176
2020-09-01,"Sep","2020","S08000025","NHS Orkney",1012,998,14,98.6,1.4,998,14
2020-09-01,"Sep","2020","S08000026","NHS Shetland",934,920,14,98.5,1.5,920,14
2020-09-01,"Sep","2020","S08000028","NHS Western Isles",1018,996,22,97.8,2.2,996,22
2020-09-01,"Sep","2020","S08000029","NHS Fife",13578,13092,486,96.4,3.6,13092,486
2020-09-01,"Sep","2020","S08000030","NHS Tayside",14138,13516,622,95.6,4.4,13516,622
2020-09-01,"Sep","2020","S08000031","NHS Greater Glasgow and Clyde",56966,53510,3456,93.9,6.1,53510,3456
2020-09-01,"Sep","2020","S08000032","NHS Lanarkshire",31796,27906,3890,87.8,12.2,27906,3890
2020-10-01,"Oct","2020","S08000015","NHS Ayrshire and Arran",14752,12696,2056,86.1,13.9,12696,2056
2020-10-01,"Oct","2020","S08000016","NHS Borders",4334,3848,486,88.8,11.2,3848,486
2020-10-01,"Oct","2020","S08000017","NHS Dumfries and Galloway",6280,5856,424,93.2,6.8,5856,424
2020-10-01,"Oct","2020","S08000019","NHS Forth Valley",11206,10532,674,94,6,10532,674
2020-10-01,"Oct","2020","S08000020","NHS Grampian",16274,14632,1642,89.9,10.1,14632,1642
2020-10-01,"Oct","2020","S08000022","NHS Highland",13400,12642,758,94.3,5.7,12642,758
2020-10-01,"Oct","2020","S08000024","NHS Lothian",38656,34578,4078,89.5,10.5,34578,4078
2020-10-01,"Oct","2020","S08000025","NHS Orkney",908,850,58,93.6,6.4,850,58
2020-10-01,"Oct","2020","S08000026","NHS Shetland",886,878,8,99.1,0.9,878,8
2020-10-01,"Oct","2020","S08000028","NHS Western Isles",998,972,26,97.4,2.6,972,26
2020-10-01,"Oct","2020","S08000029","NHS Fife",12262,11538,724,94.1,5.9,11538,724
2020-10-01,"Oct","2020","S08000030","NHS Tayside",12350,12040,310,97.5,2.5,12040,310
2020-10-01,"Oct","2020","S08000031","NHS Greater Glasgow and Clyde",52512,46554,5958,88.7,11.3,46554,5958
2020-10-01,"Oct","2020","S08000032","NHS Lanarkshire",29994,24824,5170,82.8,17.2,24824,5170
2020-11-01,"Nov","2020","S08000015","NHS Ayrshire and Arran",12958,10682,2276,82.4,17.6,10682,2276
2020-11-01,"Nov","2020","S08000016","NHS Borders",4318,3790,528,87.8,12.2,3790,528
2020-11-01,"Nov","2020","S08000017","NHS Dumfries and Galloway",6178,5750,428,93.1,6.9,5750,428
2020-11-01,"Nov","2020","S08000019","NHS Forth Valley",10408,9820,588,94.4,5.6,9820,588
2020-11-01,"Nov","2020","S08000020","NHS Grampian",16258,14928,1330,91.8,8.2,14928,1330
2020-11-01,"Nov","2020","S08000022","NHS Highland",12186,11444,742,93.9,6.1,11444,742
2020-11-01,"Nov","2020","S08000024","NHS Lothian",35552,31242,4310,87.9,12.1,31242,4310
2020-11-01,"Nov","2020","S08000025","NHS Orkney",874,848,26,97,3,848,26
2020-11-01,"Nov","2020","S08000026","NHS Shetland",886,866,20,97.7,2.3,866,20
2020-11-01,"Nov","2020","S08000028","NHS Western Isles",958,936,22,97.7,2.3,936,22
2020-11-01,"Nov","2020","S08000029","NHS Fife",11256,10404,852,92.4,7.6,10404,852
2020-11-01,"Nov","2020","S08000030","NHS Tayside",11800,11516,284,97.6,2.4,11516,284
2020-11-01,"Nov","2020","S08000031","NHS Greater Glasgow and Clyde",49878,45038,4840,90.3,9.7,45038,4840
2020-11-01,"Nov","2020","S08000032","NHS Lanarkshire",27242,23022,4220,84.5,15.5,23022,4220
2020-12-01,"Dec","2020","S08000015","NHS Ayrshire and Arran",12662,10096,2566,79.7,20.3,10096,2566
2020-12-01,"Dec","2020","S08000016","NHS Borders",4236,3372,864,79.6,20.4,3372,864
2020-12-01,"Dec","2020","S08000017","NHS Dumfries and Galloway",6036,5330,706,88.3,11.7,5330,706
2020-12-01,"Dec","2020","S08000019","NHS Forth Valley",8958,8196,762,91.5,8.5,8196,762
2020-12-01,"Dec","2020","S08000020","NHS Grampian",13578,11694,1884,86.1,13.9,11694,1884
2020-12-01,"Dec","2020","S08000022","NHS Highland",12572,11734,838,93.3,6.7,11734,838
2020-12-01,"Dec","2020","S08000024","NHS Lothian",33832,28212,5620,83.4,16.6,28212,5620
2020-12-01,"Dec","2020","S08000025","NHS Orkney",830,794,36,95.7,4.3,794,36
2020-12-01,"Dec","2020","S08000026","NHS Shetland",838,824,14,98.3,1.7,824,14
2020-12-01,"Dec","2020","S08000028","NHS Western Isles",1006,992,14,98.6,1.4,992,14
2020-12-01,"Dec","2020","S08000029","NHS Fife",10656,9604,1052,90.1,9.9,9604,1052
2020-12-01,"Dec","2020","S08000030","NHS Tayside",11210,10704,506,95.5,4.5,10704,506
2020-12-01,"Dec","2020","S08000031","NHS Greater Glasgow and Clyde",47862,42454,5408,88.7,11.3,42454,5408
2020-12-01,"Dec","2020","S08000032","NHS Lanarkshire",26284,20794,5490,79.1,20.9,20794,5490
2021-01-01,"Jan","2021","S08000015","NHS Ayrshire and Arran",11688,9328,2360,79.8,20.2,9328,2360
2021-01-01,"Jan","2021","S08000016","NHS Borders",3946,3130,816,79.3,20.7,3130,816
2021-01-01,"Jan","2021","S08000017","NHS Dumfries and Galloway",5108,4520,588,88.5,11.5,4520,588
2021-01-01,"Jan","2021","S08000019","NHS Forth Valley",8522,7594,928,89.1,10.9,7594,928
2021-01-01,"Jan","2021","S08000020","NHS Grampian",11012,9162,1850,83.2,16.8,9162,1850
2021-01-01,"Jan","2021","S08000022","NHS Highland",10742,10042,700,93.5,6.5,10042,700
2021-01-01,"Jan","2021","S08000024","NHS Lothian",31748,26830,4918,84.5,15.5,26830,4918
2021-01-01,"Jan","2021","S08000025","NHS Orkney",804,770,34,95.8,4.2,770,34
2021-01-01,"Jan","2021","S08000026","NHS Shetland",746,738,8,98.9,1.1,738,8
2021-01-01,"Jan","2021","S08000028","NHS Western Isles",904,888,16,98.2,1.8,888,16
2021-01-01,"Jan","2021","S08000029","NHS Fife",10130,9246,884,91.3,8.7,9246,884
2021-01-01,"Jan","2021","S08000030","NHS Tayside",9922,9526,396,96,4,9526,396
2021-01-01,"Jan","2021","S08000031","NHS Greater Glasgow and Clyde",44614,39080,5534,87.6,12.4,39080,5534
2021-01-01,"Jan","2021","S08000032","NHS Lanarkshire",25712,20546,5166,79.9,20.1,20546,5166
2021-02-01,"Feb","2021","S08000015","NHS Ayrshire and Arran",10798,8868,1930,82.1,17.9,8868,1930
2021-02-01,"Feb","2021","S08000016","NHS Borders",3724,2808,916,75.4,24.6,2808,916
2021-02-01,"Feb","2021","S08000017","NHS Dumfries and Galloway",4558,4200,358,92.1,7.9,4200,358
2021-02-01,"Feb","2021","S08000019","NHS Forth Valley",7992,6740,1252,84.3,15.7,6740,1252
2021-02-01,"Feb","2021","S08000020","NHS Grampian",10944,9580,1364,87.5,12.5,9580,1364
2021-02-01,"Feb","2021","S08000022","NHS Highland",10322,9596,726,93,7,9596,726
2021-02-01,"Feb","2021","S08000024","NHS Lothian",29606,24176,5430,81.7,18.3,24176,5430
2021-02-01,"Feb","2021","S08000025","NHS Orkney",750,690,60,92,8,690,60
2021-02-01,"Feb","2021","S08000026","NHS Shetland",814,800,14,98.3,1.7,800,14
2021-02-01,"Feb","2021","S08000028","NHS Western Isles",760,734,26,96.6,3.4,734,26
2021-02-01,"Feb","2021","S08000029","NHS Fife",9212,8462,750,91.9,8.1,8462,750
2021-02-01,"Feb","2021","S08000030","NHS Tayside",9318,9018,300,96.8,3.2,9018,300
2021-02-01,"Feb","2021","S08000031","NHS Greater Glasgow and Clyde",42022,36598,5424,87.1,12.9,36598,5424
2021-02-01,"Feb","2021","S08000032","NHS Lanarkshire",23706,19794,3912,83.5,16.5,19794,3912
2021-03-01,"Mar","2021","S08000015","NHS Ayrshire and Arran",13744,11628,2116,84.6,15.4,11628,2116
2021-03-01,"Mar","2021","S08000016","NHS Borders",4434,3866,568,87.2,12.8,3866,568
2021-03-01,"Mar","2021","S08000017","NHS Dumfries and Galloway",6126,5480,646,89.5,10.5,5480,646
2021-03-01,"Mar","2021","S08000019","NHS Forth Valley",10664,9330,1334,87.5,12.5,9330,1334
2021-03-01,"Mar","2021","S08000020","NHS Grampian",14024,12406,1618,88.5,11.5,12406,1618
2021-03-01,"Mar","2021","S08000022","NHS Highland",12340,11474,866,93,7,11474,866
2021-03-01,"Mar","2021","S08000024","NHS Lothian",37854,32160,5694,85,15,32160,5694
2021-03-01,"Mar","2021","S08000025","NHS Orkney",974,936,38,96.1,3.9,936,38
2021-03-01,"Mar","2021","S08000026","NHS Shetland",874,860,14,98.4,1.6,860,14
2021-03-01,"Mar","2021","S08000028","NHS Western Isles",932,898,34,96.4,3.6,898,34
2021-03-01,"Mar","2021","S08000029","NHS Fife",12162,11122,1040,91.4,8.6,11122,1040
2021-03-01,"Mar","2021","S08000030","NHS Tayside",11900,11560,340,97.1,2.9,11560,340
2021-03-01,"Mar","2021","S08000031","NHS Greater Glasgow and Clyde",55252,50782,4470,91.9,8.1,50782,4470
2021-03-01,"Mar","2021","S08000032","NHS Lanarkshire",30986,25666,5320,82.8,17.2,25666,5320
2021-04-01,"Apr","2021","S08000015","NHS Ayrshire and Arran",16238,14262,1976,87.8,12.2,14262,1976
2021-04-01,"Apr","2021","S08000016","NHS Borders",4972,4328,644,87,13,4328,644
2021-04-01,"Apr","2021","S08000017","NHS Dumfries and Galloway",7252,6386,866,88.1,11.9,6386,866
2021-04-01,"Apr","2021","S08000019","NHS Forth Valley",12108,10300,1808,85.1,14.9,10300,1808
2021-04-01,"Apr","2021","S08000020","NHS Grampian",15224,13452,1772,88.4,11.6,13452,1772
2021-04-01,"Apr","2021","S08000022","NHS Highland",13352,12698,654,95.1,4.9,12698,654
2021-04-01,"Apr","2021","S08000024","NHS Lothian",41570,35508,6062,85.4,14.6,35508,6062
2021-04-01,"Apr","2021","S08000025","NHS Orkney",1018,988,30,97.1,2.9,988,30
2021-04-01,"Apr","2021","S08000026","NHS Shetland",1000,992,8,99.2,0.8,992,8
2021-04-01,"Apr","2021","S08000028","NHS Western Isles",1254,1232,22,98.2,1.8,1232,22
2021-04-01,"Apr","2021","S08000029","NHS Fife",13528,12484,1044,92.3,7.7,12484,1044
2021-04-01,"Apr","2021","S08000030","NHS Tayside",13586,12988,598,95.6,4.4,12988,598
2021-04-01,"Apr","2021","S08000031","NHS Greater Glasgow and Clyde",61680,56872,4808,92.2,7.8,56872,4808
2021-04-01,"Apr","2021","S08000032","NHS Lanarkshire",33548,27490,6058,81.9,18.1,27490,6058
2021-05-01,"May","2021","S08000015","NHS Ayrshire and Arran",18740,16348,2392,87.2,12.8,16348,2392
2021-05-01,"May","2021","S08000016","NHS Borders",5528,4690,838,84.8,15.2,4690,838
2021-05-01,"May","2021","S08000017","NHS Dumfries and Galloway",7972,6928,1044,86.9,13.1,6928,1044
2021-05-01,"May","2021","S08000019","NHS Forth Valley",12848,10766,2082,83.8,16.2,10766,2082
2021-05-01,"May","2021","S08000020","NHS Grampian",17764,15572,2192,87.7,12.3,15572,2192
2021-05-01,"May","2021","S08000022","NHS Highland",16190,15196,994,93.9,6.1,15196,994
2021-05-01,"May","2021","S08000024","NHS Lothian",46164,38062,8102,82.4,17.6,38062,8102
2021-05-01,"May","2021","S08000025","NHS Orkney",1194,1160,34,97.2,2.8,1160,34
2021-05-01,"May","2021","S08000026","NHS Shetland",1068,1056,12,98.9,1.1,1056,12
2021-05-01,"May","2021","S08000028","NHS Western Isles",1396,1316,80,94.3,5.7,1316,80
2021-05-01,"May","2021","S08000029","NHS Fife",15236,13392,1844,87.9,12.1,13392,1844
2021-05-01,"May","2021","S08000030","NHS Tayside",15398,14544,854,94.5,5.5,14544,854
2021-05-01,"May","2021","S08000031","NHS Greater Glasgow and Clyde",67262,61742,5520,91.8,8.2,61742,5520
2021-05-01,"May","2021","S08000032","NHS Lanarkshire",37290,29682,7608,79.6,20.4,29682,7608
2021-06-01,"Jun","2021","S08000015","NHS Ayrshire and Arran",19232,15900,3332,82.7,17.3,15900,3332
2021-06-01,"Jun","2021","S08000016","NHS Borders",5634,4652,982,82.6,17.4,4652,982
2021-06-01,"Jun","2021","S08000017","NHS Dumfries and Galloway",8636,7374,1262,85.4,14.6,7374,1262
2021-06-01,"Jun","2021","S08000019","NHS Forth Valley",14202,11608,2594,81.7,18.3,11608,2594
2021-06-01,"Jun","2021","S08000020","NHS Grampian",18878,16862,2016,89.3,10.7,16862,2016
2021-06-01,"Jun","2021","S08000022","NHS Highland",17782,16400,1382,92.2,7.8,16400,1382
2021-06-01,"Jun","2021","S08000024","NHS Lothian",47910,39010,8900,81.4,18.6,39010,8900
2021-06-01,"Jun","2021","S08000025","NHS Orkney",1220,1192,28,97.7,2.3,1192,28
2021-06-01,"Jun","2021","S08000026","NHS Shetland",1118,1110,8,99.3,0.7,1110,8
2021-06-01,"Jun","2021","S08000028","NHS Western Isles",1456,1412,44,97,3,1412,44
2021-06-01,"Jun","2021","S08000029","NHS Fife",16346,14534,1812,88.9,11.1,14534,1812
2021-06-01,"Jun","2021","S08000030","NHS Tayside",16390,15406,984,94,6,15406,984
2021-06-01,"Jun","2021","S08000031","NHS Greater Glasgow and Clyde",72222,64464,7758,89.3,10.7,64464,7758
2021-06-01,"Jun","2021","S08000032","NHS Lanarkshire",38472,28316,10156,73.6,26.4,28316,10156
2021-07-01,"Jul","2021","S08000015","NHS Ayrshire and Arran",18950,15766,3184,83.2,16.8,15766,3184
2021-07-01,"Jul","2021","S08000016","NHS Borders",5756,4752,1004,82.6,17.4,4752,1004
2021-07-01,"Jul","2021","S08000017","NHS Dumfries and Galloway",8884,7554,1330,85,15,7554,1330
2021-07-01,"Jul","2021","S08000019","NHS Forth Valley",14132,10848,3284,76.8,23.2,10848,3284
2021-07-01,"Jul","2021","S08000020","NHS Grampian",17496,14428,3068,82.5,17.5,14428,3068
2021-07-01,"Jul","2021","S08000022","NHS Highland",18716,17152,1564,91.6,8.4,17152,1564
2021-07-01,"Jul","2021","S08000024","NHS Lothian",45084,35472,9612,78.7,21.3,35472,9612
2021-07-01,"Jul","2021","S08000025","NHS Orkney",1288,1248,40,96.9,3.1,1248,40
2021-07-01,"Jul","2021","S08000026","NHS Shetland",1258,1222,36,97.1,2.9,1222,36
2021-07-01,"Jul","2021","S08000028","NHS Western Isles",1550,1472,78,95,5,1472,78
2021-07-01,"Jul","2021","S08000029","NHS Fife",15386,13184,2202,85.7,14.3,13184,2202
2021-07-01,"Jul","2021","S08000030","NHS Tayside",15760,14630,1130,92.8,7.2,14630,1130
2021-07-01,"Jul","2021","S08000031","NHS Greater Glasgow and Clyde",70082,58922,11160,84.1,15.9,58922,11160
2021-07-01,"Jul","2021","S08000032","NHS Lanarkshire",36454,24810,11644,68.1,31.9,24810,11644
2021-08-01,"Aug","2021","S08000015","NHS Ayrshire and Arran",19602,15718,3884,80.2,19.8,15718,3884
2021-08-01,"Aug","2021","S08000016","NHS Borders",5752,4188,1564,72.8,27.2,4188,1564
2021-08-01,"Aug","2021","S08000017","NHS Dumfries and Galloway",8934,7308,1626,81.8,18.2,7308,1626
2021-08-01,"Aug","2021","S08000019","NHS Forth Valley",15044,11216,3828,74.6,25.4,11216,3828
2021-08-01,"Aug","2021","S08000020","NHS Grampian",18532,15198,3334,82,18,15198,3334
2021-08-01,"Aug","2021","S08000022","NHS Highland",18436,16438,1998,89.2,10.8,16438,1998
2021-08-01,"Aug","2021","S08000024","NHS Lothian",48492,35238,13254,72.7,27.3,35238,13254
2021-08-01,"Aug","2021","S08000025","NHS Orkney",1320,1272,48,96.4,3.6,1272,48
2021-08-01,"Aug","2021","S08000026","NHS Shetland",1230,1200,30,97.6,2.4,1200,30
2021-08-01,"Aug","2021","S08000028","NHS Western Isles",1484,1446,38,97.4,2.6,1446,38
2021-08-01,"Aug","2021","S08000029","NHS Fife",15572,13200,2372,84.8,15.2,13200,2372
2021-08-01,"Aug","2021","S08000030","NHS Tayside",16430,15148,1282,92.2,7.8,15148,1282
2021-08-01,"Aug","2021","S08000031","NHS Greater Glasgow and Clyde",70594,54978,15616,77.9,22.1,54978,15616
2021-08-01,"Aug","2021","S08000032","NHS Lanarkshire",36940,24962,11978,67.6,32.4,24962,11978
2021-09-01,"Sep","2021","S08000015","NHS Ayrshire and Arran",17184,13316,3868,77.5,22.5,13316,3868
2021-09-01,"Sep","2021","S08000016","NHS Borders",5156,3990,1166,77.4,22.6,3990,1166
2021-09-01,"Sep","2021","S08000017","NHS Dumfries and Galloway",8184,6770,1414,82.7,17.3,6770,1414
2021-09-01,"Sep","2021","S08000019","NHS Forth Valley",15200,10538,4662,69.3,30.7,10538,4662
2021-09-01,"Sep","2021","S08000020","NHS Grampian",18294,14724,3570,80.5,19.5,14724,3570
2021-09-01,"Sep","2021","S08000022","NHS Highland",16184,14048,2136,86.8,13.2,14048,2136
2021-09-01,"Sep","2021","S08000024","NHS Lothian",49942,34832,15110,69.7,30.3,34832,15110
2021-09-01,"Sep","2021","S08000025","NHS Orkney",1212,1164,48,96,4,1164,48
2021-09-01,"Sep","2021","S08000026","NHS Shetland",1078,1054,24,97.8,2.2,1054,24
2021-09-01,"Sep","2021","S08000028","NHS Western Isles",1100,1078,22,98,2,1078,22
2021-09-01,"Sep","2021","S08000029","NHS Fife",15160,12358,2802,81.5,18.5,12358,2802
2021-09-01,"Sep","2021","S08000030","NHS Tayside",16178,15110,1068,93.4,6.6,15110,1068
2021-09-01,"Sep","2021","S08000031","NHS Greater Glasgow and Clyde",68596,52030,16566,75.8,24.2,52030,16566
2021-09-01,"Sep","2021","S08000032","NHS Lanarkshire",34904,24156,10748,69.2,30.8,24156,10748
2021-10-01,"Oct","2021","S08000015","NHS Ayrshire and Arran",17104,12960,4144,75.8,24.2,12960,4144
2021-10-01,"Oct","2021","S08000016","NHS Borders",5082,3946,1136,77.6,22.4,3946,1136
2021-10-01,"Oct","2021","S08000017","NHS Dumfries and Galloway",7802,6194,1608,79.4,20.6,6194,1608
2021-10-01,"Oct","2021","S08000019","NHS Forth Valley",13822,8508,5314,61.6,38.4,8508,5314
2021-10-01,"Oct","2021","S08000020","NHS Grampian",17080,13280,3800,77.8,22.2,13280,3800
2021-10-01,"Oct","2021","S08000022","NHS Highland",14990,13174,1816,87.9,12.1,13174,1816
2021-10-01,"Oct","2021","S08000024","NHS Lothian",46634,31624,15010,67.8,32.2,31624,15010
2021-10-01,"Oct","2021","S08000025","NHS Orkney",1092,1038,54,95.1,4.9,1038,54
2021-10-01,"Oct","2021","S08000026","NHS Shetland",1108,1062,46,95.8,4.2,1062,46
2021-10-01,"Oct","2021","S08000028","NHS Western Isles",1070,1050,20,98.1,1.9,1050,20
2021-10-01,"Oct","2021","S08000029","NHS Fife",13764,10700,3064,77.7,22.3,10700,3064
2021-10-01,"Oct","2021","S08000030","NHS Tayside",15432,14300,1132,92.7,7.3,14300,1132
2021-10-01,"Oct","2021","S08000031","NHS Greater Glasgow and Clyde",65308,47656,17652,73,27,47656,17652
2021-10-01,"Oct","2021","S08000032","NHS Lanarkshire",33120,21530,11590,65,35,21530,11590
2021-11-01,"Nov","2021","S08000015","NHS Ayrshire and Arran",15702,11868,3834,75.6,24.4,11868,3834
2021-11-01,"Nov","2021","S08000016","NHS Borders",4728,3378,1350,71.4,28.6,3378,1350
2021-11-01,"Nov","2021","S08000017","NHS Dumfries and Galloway",7290,5854,1436,80.3,19.7,5854,1436
2021-11-01,"Nov","2021","S08000019","NHS Forth Valley",12880,8542,4338,66.3,33.7,8542,4338
2021-11-01,"Nov","2021","S08000020","NHS Grampian",16584,12362,4222,74.5,25.5,12362,4222
2021-11-01,"Nov","2021","S08000022","NHS Highland",13746,12166,1580,88.5,11.5,12166,1580
2021-11-01,"Nov","2021","S08000024","NHS Lothian",44906,31020,13886,69.1,30.9,31020,13886
2021-11-01,"Nov","2021","S08000025","NHS Orkney",1034,998,36,96.5,3.5,998,36
2021-11-01,"Nov","2021","S08000026","NHS Shetland",1156,1118,38,96.7,3.3,1118,38
2021-11-01,"Nov","2021","S08000028","NHS Western Isles",1112,1084,28,97.5,2.5,1084,28
2021-11-01,"Nov","2021","S08000029","NHS Fife",13730,11114,2616,80.9,19.1,11114,2616
2021-11-01,"Nov","2021","S08000030","NHS Tayside",14444,13666,778,94.6,5.4,13666,778
2021-11-01,"Nov","2021","S08000031","NHS Greater Glasgow and Clyde",63242,48496,14746,76.7,23.3,48496,14746
2021-11-01,"Nov","2021","S08000032","NHS Lanarkshire",31786,23050,8736,72.5,27.5,23050,8736
2021-12-01,"Dec","2021","S08000015","NHS Ayrshire and Arran",14546,11032,3514,75.8,24.2,11032,3514
2021-12-01,"Dec","2021","S08000016","NHS Borders",4844,3330,1514,68.7,31.3,3330,1514
2021-12-01,"Dec","2021","S08000017","NHS Dumfries and Galloway",7046,5792,1254,82.2,17.8,5792,1254
2021-12-01,"Dec","2021","S08000019","NHS Forth Valley",12012,8212,3800,68.4,31.6,8212,3800
2021-12-01,"Dec","2021","S08000020","NHS Grampian",16732,12498,4234,74.7,25.3,12498,4234
2021-12-01,"Dec","2021","S08000022","NHS Highland",13536,11778,1758,87,13,11778,1758
2021-12-01,"Dec","2021","S08000024","NHS Lothian",40914,28322,12592,69.2,30.8,28322,12592
2021-12-01,"Dec","2021","S08000025","NHS Orkney",1086,1024,62,94.3,5.7,1024,62
2021-12-01,"Dec","2021","S08000026","NHS Shetland",1242,1200,42,96.6,3.4,1200,42
2021-12-01,"Dec","2021","S08000028","NHS Western Isles",1118,1092,26,97.7,2.3,1092,26
2021-12-01,"Dec","2021","S08000029","NHS Fife",12558,9724,2834,77.4,22.6,9724,2834
2021-12-01,"Dec","2021","S08000030","NHS Tayside",13230,12480,750,94.3,5.7,12480,750
2021-12-01,"Dec","2021","S08000031","NHS Greater Glasgow and Clyde",57538,44716,12822,77.7,22.3,44716,12822
2021-12-01,"Dec","2021","S08000032","NHS Lanarkshire",30032,20812,9220,69.3,30.7,20812,9220
2022-01-01,"Jan","2022","S08000015","NHS Ayrshire and Arran",14592,11032,3560,75.6,24.4,11032,3560
2022-01-01,"Jan","2022","S08000016","NHS Borders",4620,3302,1318,71.5,28.5,3302,1318
2022-01-01,"Jan","2022","S08000017","NHS Dumfries and Galloway",6726,5542,1184,82.4,17.6,5542,1184
2022-01-01,"Jan","2022","S08000019","NHS Forth Valley",12064,9362,2702,77.6,22.4,9362,2702
2022-01-01,"Jan","2022","S08000020","NHS Grampian",16714,12512,4202,74.9,25.1,12512,4202
2022-01-01,"Jan","2022","S08000022","NHS Highland",13178,11660,1518,88.5,11.5,11660,1518
2022-01-01,"Jan","2022","S08000024","NHS Lothian",40326,27992,12334,69.4,30.6,27992,12334
2022-01-01,"Jan","2022","S08000025","NHS Orkney",1120,1032,88,92.1,7.9,1032,88
2022-01-01,"Jan","2022","S08000026","NHS Shetland",1114,1092,22,98,2,1092,22
2022-01-01,"Jan","2022","S08000028","NHS Western Isles",1088,1070,18,98.3,1.7,1070,18
2022-01-01,"Jan","2022","S08000029","NHS Fife",12682,9954,2728,78.5,21.5,9954,2728
2022-01-01,"Jan","2022","S08000030","NHS Tayside",13570,12876,694,94.9,5.1,12876,694
2022-01-01,"Jan","2022","S08000031","NHS Greater Glasgow and Clyde",57490,44216,13274,76.9,23.1,44216,13274
2022-01-01,"Jan","2022","S08000032","NHS Lanarkshire",30624,20796,9828,67.9,32.1,20796,9828
2022-02-01,"Feb","2022","S08000015","NHS Ayrshire and Arran",14306,10482,3824,73.3,26.7,10482,3824
2022-02-01,"Feb","2022","S08000016","NHS Borders",4736,3228,1508,68.2,31.8,3228,1508
2022-02-01,"Feb","2022","S08000017","NHS Dumfries and Galloway",7090,5732,1358,80.8,19.2,5732,1358
2022-02-01,"Feb","2022","S08000019","NHS Forth Valley",12188,9272,2916,76.1,23.9,9272,2916
2022-02-01,"Feb","2022","S08000020","NHS Grampian",16404,11990,4414,73.1,26.9,11990,4414
2022-02-01,"Feb","2022","S08000022","NHS Highland",13010,11444,1566,88,12,11444,1566
2022-02-01,"Feb","2022","S08000024","NHS Lothian",39672,25694,13978,64.8,35.2,25694,13978
2022-02-01,"Feb","2022","S08000025","NHS Orkney",954,902,52,94.5,5.5,902,52
2022-02-01,"Feb","2022","S08000026","NHS Shetland",1066,1046,20,98.1,1.9,1046,20
2022-02-01,"Feb","2022","S08000028","NHS Western Isles",1164,1132,32,97.3,2.7,1132,32
2022-02-01,"Feb","2022","S08000029","NHS Fife",13018,10936,2082,84,16,10936,2082
2022-02-01,"Feb","2022","S08000030","NHS Tayside",13388,12490,898,93.3,6.7,12490,898
2022-02-01,"Feb","2022","S08000031","NHS Greater Glasgow and Clyde",57628,44058,13570,76.5,23.5,44058,13570
2022-02-01,"Feb","2022","S08000032","NHS Lanarkshire",30262,19224,11038,63.5,36.5,19224,11038
2022-03-01,"Mar","2022","S08000015","NHS Ayrshire and Arran",17468,12228,5240,70,30,12228,5240
2022-03-01,"Mar","2022","S08000016","NHS Borders",5470,3534,1936,64.6,35.4,3534,1936
2022-03-01,"Mar","2022","S08000017","NHS Dumfries and Galloway",8192,6480,1712,79.1,20.9,6480,1712
2022-03-01,"Mar","2022","S08000019","NHS Forth Valley",14506,9916,4590,68.4,31.6,9916,4590
2022-03-01,"Mar","2022","S08000020","NHS Grampian",19170,13772,5398,71.8,28.2,13772,5398
2022-03-01,"Mar","2022","S08000022","NHS Highland",15448,13210,2238,85.5,14.5,13210,2238
2022-03-01,"Mar","2022","S08000024","NHS Lothian",47432,31064,16368,65.5,34.5,31064,16368
2022-03-01,"Mar","2022","S08000025","NHS Orkney",1184,1090,94,92.1,7.9,1090,94
2022-03-01,"Mar","2022","S08000026","NHS Shetland",1142,1096,46,96,4,1096,46
2022-03-01,"Mar","2022","S08000028","NHS Western Isles",1260,1218,42,96.7,3.3,1218,42
2022-03-01,"Mar","2022","S08000029","NHS Fife",15532,12510,3022,80.5,19.5,12510,3022
2022-03-01,"Mar","2022","S08000030","NHS Tayside",16166,15094,1072,93.4,6.6,15094,1072
2022-03-01,"Mar","2022","S08000031","NHS Greater Glasgow and Clyde",68290,48984,19306,71.7,28.3,48984,19306
2022-03-01,"Mar","2022","S08000032","NHS Lanarkshire",33932,20446,13486,60.3,39.7,20446,13486
2022-04-01,"Apr","2022","S08000015","NHS Ayrshire and Arran",16380,11142,5238,68,32,11142,5238
2022-04-01,"Apr","2022","S08000016","NHS Borders",5174,3252,1922,62.9,37.1,3252,1922
2022-04-01,"Apr","2022","S08000017","NHS Dumfries and Galloway",8418,6946,1472,82.5,17.5,6946,1472
2022-04-01,"Apr","2022","S08000019","NHS Forth Valley",13722,9094,4628,66.3,33.7,9094,4628
2022-04-01,"Apr","2022","S08000020","NHS Grampian",18636,13406,5230,71.9,28.1,13406,5230
2022-04-01,"Apr","2022","S08000022","NHS Highland",15544,13422,2122,86.3,13.7,13422,2122
2022-04-01,"Apr","2022","S08000024","NHS Lothian",43426,28010,15416,64.5,35.5,28010,15416
2022-04-01,"Apr","2022","S08000025","NHS Orkney",1198,1092,106,91.2,8.8,1092,106
2022-04-01,"Apr","2022","S08000026","NHS Shetland",1206,1154,52,95.7,4.3,1154,52
2022-04-01,"Apr","2022","S08000028","NHS Western Isles",1324,1282,42,96.8,3.2,1282,42
2022-04-01,"Apr","2022","S08000029","NHS Fife",14326,11308,3018,78.9,21.1,11308,3018
2022-04-01,"Apr","2022","S08000030","NHS Tayside",16098,14846,1252,92.2,7.8,14846,1252
2022-04-01,"Apr","2022","S08000031","NHS Greater Glasgow and Clyde",62828,45958,16870,73.1,26.9,45958,16870
2022-04-01,"Apr","2022","S08000032","NHS Lanarkshire",32222,20610,11612,64,36,20610,11612
2022-05-01,"May","2022","S08000015","NHS Ayrshire and Arran",18034,13306,4728,73.8,26.2,13306,4728
2022-05-01,"May","2022","S08000016","NHS Borders",5706,3822,1884,67,33,3822,1884
2022-05-01,"May","2022","S08000017","NHS Dumfries and Galloway",9096,7352,1744,80.8,19.2,7352,1744
2022-05-01,"May","2022","S08000019","NHS Forth Valley",15636,10712,4924,68.5,31.5,10712,4924
2022-05-01,"May","2022","S08000020","NHS Grampian",21498,15622,5876,72.7,27.3,15622,5876
2022-05-01,"May","2022","S08000022","NHS Highland",18542,15740,2802,84.9,15.1,15740,2802
2022-05-01,"May","2022","S08000024","NHS Lothian",48744,32058,16686,65.8,34.2,32058,16686
2022-05-01,"May","2022","S08000025","NHS Orkney",1424,1356,68,95.2,4.8,1356,68
2022-05-01,"May","2022","S08000026","NHS Shetland",1450,1374,76,94.8,5.2,1374,76
2022-05-01,"May","2022","S08000028","NHS Western Isles",1534,1484,50,96.7,3.3,1484,50
2022-05-01,"May","2022","S08000029","NHS Fife",16404,13026,3378,79.4,20.6,13026,3378
2022-05-01,"May","2022","S08000030","NHS Tayside",17530,16204,1326,92.4,7.6,16204,1326
2022-05-01,"May","2022","S08000031","NHS Greater Glasgow and Clyde",71314,52732,18582,73.9,26.1,52732,18582
2022-05-01,"May","2022","S08000032","NHS Lanarkshire",36054,22638,13416,62.8,37.2,22638,13416
2022-06-01,"Jun","2022","S08000015","NHS Ayrshire and Arran",17778,12384,5394,69.7,30.3,12384,5394
2022-06-01,"Jun","2022","S08000016","NHS Borders",5554,3766,1788,67.8,32.2,3766,1788
2022-06-01,"Jun","2022","S08000017","NHS Dumfries and Galloway",8988,7094,1894,78.9,21.1,7094,1894
2022-06-01,"Jun","2022","S08000019","NHS Forth Valley",14652,9190,5462,62.7,37.3,9190,5462
2022-06-01,"Jun","2022","S08000020","NHS Grampian",21152,15514,5638,73.3,26.7,15514,5638
2022-06-01,"Jun","2022","S08000022","NHS Highland",18636,15856,2780,85.1,14.9,15856,2780
2022-06-01,"Jun","2022","S08000024","NHS Lothian",47814,31554,16260,66,34,31554,16260
2022-06-01,"Jun","2022","S08000025","NHS Orkney",1434,1318,116,91.9,8.1,1318,116
2022-06-01,"Jun","2022","S08000026","NHS Shetland",1400,1326,74,94.7,5.3,1326,74
2022-06-01,"Jun","2022","S08000028","NHS Western Isles",1514,1502,12,99.2,0.8,1502,12
2022-06-01,"Jun","2022","S08000029","NHS Fife",16468,12512,3956,76,24,12512,3956
2022-06-01,"Jun","2022","S08000030","NHS Tayside",16960,15570,1390,91.8,8.2,15570,1390
2022-06-01,"Jun","2022","S08000031","NHS Greater Glasgow and Clyde",69178,50086,19092,72.4,27.6,50086,19092
2022-06-01,"Jun","2022","S08000032","NHS Lanarkshire",34682,20070,14612,57.9,42.1,20070,14612
2022-07-01,"Jul","2022","S08000015","NHS Ayrshire and Arran",17024,12182,4842,71.6,28.4,12182,4842
2022-07-01,"Jul","2022","S08000016","NHS Borders",5532,3578,1954,64.7,35.3,3578,1954
2022-07-01,"Jul","2022","S08000017","NHS Dumfries and Galloway",8722,7098,1624,81.4,18.6,7098,1624
2022-07-01,"Jul","2022","S08000019","NHS Forth Valley",13980,8974,5006,64.2,35.8,8974,5006
2022-07-01,"Jul","2022","S08000020","NHS Grampian",19874,14096,5778,70.9,29.1,14096,5778
2022-07-01,"Jul","2022","S08000022","NHS Highland",18248,15174,3074,83.2,16.8,15174,3074
2022-07-01,"Jul","2022","S08000024","NHS Lothian",43936,27808,16128,63.3,36.7,27808,16128
2022-07-01,"Jul","2022","S08000025","NHS Orkney",1330,1228,102,92.3,7.7,1228,102
2022-07-01,"Jul","2022","S08000026","NHS Shetland",1318,1220,98,92.6,7.4,1220,98
2022-07-01,"Jul","2022","S08000028","NHS Western Isles",1606,1566,40,97.5,2.5,1566,40
2022-07-01,"Jul","2022","S08000029","NHS Fife",15346,10838,4508,70.6,29.4,10838,4508
2022-07-01,"Jul","2022","S08000030","NHS Tayside",16598,15110,1488,91,9,15110,1488
2022-07-01,"Jul","2022","S08000031","NHS Greater Glasgow and Clyde",66546,48324,18222,72.6,27.4,48324,18222
2022-07-01,"Jul","2022","S08000032","NHS Lanarkshire",33044,17808,15236,53.9,46.1,17808,15236
2022-08-01,"Aug","2022","S08000015","NHS Ayrshire and Arran",17544,12688,4856,72.3,27.7,12688,4856
2022-08-01,"Aug","2022","S08000016","NHS Borders",5700,3686,2014,64.7,35.3,3686,2014
2022-08-01,"Aug","2022","S08000017","NHS Dumfries and Galloway",9124,7362,1762,80.7,19.3,7362,1762
2022-08-01,"Aug","2022","S08000019","NHS Forth Valley",14434,9030,5404,62.6,37.4,9030,5404
2022-08-01,"Aug","2022","S08000020","NHS Grampian",21654,15432,6222,71.3,28.7,15432,6222
2022-08-01,"Aug","2022","S08000022","NHS Highland",18100,15430,2670,85.2,14.8,15430,2670
2022-08-01,"Aug","2022","S08000024","NHS Lothian",46732,28362,18370,60.7,39.3,28362,18370
2022-08-01,"Aug","2022","S08000025","NHS Orkney",1412,1260,152,89.2,10.8,1260,152
2022-08-01,"Aug","2022","S08000026","NHS Shetland",1330,1240,90,93.2,6.8,1240,90
2022-08-01,"Aug","2022","S08000028","NHS Western Isles",1668,1634,34,98,2,1634,34
2022-08-01,"Aug","2022","S08000029","NHS Fife",16384,11384,5000,69.5,30.5,11384,5000
2022-08-01,"Aug","2022","S08000030","NHS Tayside",16858,15368,1490,91.2,8.8,15368,1490
2022-08-01,"Aug","2022","S08000031","NHS Greater Glasgow and Clyde",69596,49102,20494,70.6,29.4,49102,20494
2022-08-01,"Aug","2022","S08000032","NHS Lanarkshire",34562,20246,14316,58.6,41.4,20246,14316
2022-09-01,"Sep","2022","S08000015","NHS Ayrshire and Arran",16734,11542,5192,69,31,11542,5192
2022-09-01,"Sep","2022","S08000016","NHS Borders",5430,3798,1632,69.9,30.1,3798,1632
2022-09-01,"Sep","2022","S08000017","NHS Dumfries and Galloway",8940,6768,2172,75.7,24.3,6768,2172
2022-09-01,"Sep","2022","S08000019","NHS Forth Valley",13970,8214,5756,58.8,41.2,8214,5756
2022-09-01,"Sep","2022","S08000020","NHS Grampian",20846,14488,6358,69.5,30.5,14488,6358
2022-09-01,"Sep","2022","S08000022","NHS Highland",16430,13918,2512,84.7,15.3,13918,2512
2022-09-01,"Sep","2022","S08000024","NHS Lothian",45984,28018,17966,60.9,39.1,28018,17966
2022-09-01,"Sep","2022","S08000025","NHS Orkney",1308,1166,142,89.1,10.9,1166,142
2022-09-01,"Sep","2022","S08000026","NHS Shetland",1502,1402,100,93.3,6.7,1402,100
2022-09-01,"Sep","2022","S08000028","NHS Western Isles",1402,1382,20,98.6,1.4,1382,20
2022-09-01,"Sep","2022","S08000029","NHS Fife",15558,10738,4820,69,31,10738,4820
2022-09-01,"Sep","2022","S08000030","NHS Tayside",16412,14630,1782,89.1,10.9,14630,1782
2022-09-01,"Sep","2022","S08000031","NHS Greater Glasgow and Clyde",68964,49750,19214,72.1,27.9,49750,19214
2022-09-01,"Sep","2022","S08000032","NHS Lanarkshire",32688,18530,14158,56.7,43.3,18530,14158
2022-10-01,"Oct","2022","S08000015","NHS Ayrshire and Arran",16806,11268,5538,67,33,11268,5538
2022-10-01,"Oct","2022","S08000016","NHS Borders",5462,3586,1876,65.7,34.3,3586,1876
2022-10-01,"Oct","2022","S08000017","NHS Dumfries and Galloway",8506,6522,1984,76.7,23.3,6522,1984
2022-10-01,"Oct","2022","S08000019","NHS Forth Valley",13182,7310,5872,55.5,44.5,7310,5872
2022-10-01,"Oct","2022","S08000020","NHS Grampian",20440,13992,6448,68.5,31.5,13992,6448
2022-10-01,"Oct","2022","S08000022","NHS Highland",16150,13862,2288,85.8,14.2,13862,2288
2022-10-01,"Oct","2022","S08000024","NHS Lothian",46832,28598,18234,61.1,38.9,28598,18234
2022-10-01,"Oct","2022","S08000025","NHS Orkney",1118,1004,114,89.8,10.2,1004,114
2022-10-01,"Oct","2022","S08000026","NHS Shetland",1400,1290,110,92.1,7.9,1290,110
2022-10-01,"Oct","2022","S08000028","NHS Western Isles",1304,1272,32,97.5,2.5,1272,32
2022-10-01,"Oct","2022","S08000029","NHS Fife",14674,10288,4386,70.1,29.9,10288,4386
2022-10-01,"Oct","2022","S08000030","NHS Tayside",15856,14202,1654,89.6,10.4,14202,1654
2022-10-01,"Oct","2022","S08000031","NHS Greater Glasgow and Clyde",68252,47522,20730,69.6,30.4,47522,20730
2022-10-01,"Oct","2022","S08000032","NHS Lanarkshire",32740,17486,15254,53.4,46.6,17486,15254
2022-11-01,"Nov","2022","S08000015","NHS Ayrshire and Arran",14882,10060,4822,67.6,32.4,10060,4822
2022-11-01,"Nov","2022","S08000016","NHS Borders",5198,3706,1492,71.3,28.7,3706,1492
2022-11-01,"Nov","2022","S08000017","NHS Dumfries and Galloway",7840,6236,1604,79.5,20.5,6236,1604
2022-11-01,"Nov","2022","S08000019","NHS Forth Valley",12546,7708,4838,61.4,38.6,7708,4838
2022-11-01,"Nov","2022","S08000020","NHS Grampian",19430,13628,5802,70.1,29.9,13628,5802
2022-11-01,"Nov","2022","S08000022","NHS Highland",14924,12816,2108,85.9,14.1,12816,2108
2022-11-01,"Nov","2022","S08000024","NHS Lothian",47214,28628,18586,60.6,39.4,28628,18586
2022-11-01,"Nov","2022","S08000025","NHS Orkney",1326,1190,136,89.7,10.3,1190,136
2022-11-01,"Nov","2022","S08000026","NHS Shetland",1258,1158,100,92.1,7.9,1158,100
2022-11-01,"Nov","2022","S08000028","NHS Western Isles",1418,1390,28,98,2,1390,28
2022-11-01,"Nov","2022","S08000029","NHS Fife",14562,10368,4194,71.2,28.8,10368,4194
2022-11-01,"Nov","2022","S08000030","NHS Tayside",14950,13590,1360,90.9,9.1,13590,1360
2022-11-01,"Nov","2022","S08000031","NHS Greater Glasgow and Clyde",68068,45010,23058,66.1,33.9,45010,23058
2022-11-01,"Nov","2022","S08000032","NHS Lanarkshire",32226,17868,14358,55.4,44.6,17868,14358
2022-12-01,"Dec","2022","S08000015","NHS Ayrshire and Arran",15790,10140,5650,64.2,35.8,10140,5650
2022-12-01,"Dec","2022","S08000016","NHS Borders",5280,3460,1820,65.5,34.5,3460,1820
2022-12-01,"Dec","2022","S08000017","NHS Dumfries and Galloway",8916,6698,2218,75.1,24.9,6698,2218
2022-12-01,"Dec","2022","S08000019","NHS Forth Valley",12600,6908,5692,54.8,45.2,6908,5692
2022-12-01,"Dec","2022","S08000020","NHS Grampian",20774,13260,7514,63.8,36.2,13260,7514
2022-12-01,"Dec","2022","S08000022","NHS Highland",16042,13566,2476,84.6,15.4,13566,2476
2022-12-01,"Dec","2022","S08000024","NHS Lothian",47888,28254,19634,59,41,28254,19634
2022-12-01,"Dec","2022","S08000025","NHS Orkney",1390,1218,172,87.6,12.4,1218,172
2022-12-01,"Dec","2022","S08000026","NHS Shetland",1322,1170,152,88.5,11.5,1170,152
2022-12-01,"Dec","2022","S08000028","NHS Western Isles",1486,1468,18,98.8,1.2,1468,18
2022-12-01,"Dec","2022","S08000029","NHS Fife",14666,9440,5226,64.4,35.6,9440,5226
2022-12-01,"Dec","2022","S08000030","NHS Tayside",16616,13316,3300,80.1,19.9,13316,3300
2022-12-01,"Dec","2022","S08000031","NHS Greater Glasgow and Clyde",68872,41206,27666,59.8,40.2,41206,27666
2022-12-01,"Dec","2022","S08000032","NHS Lanarkshire",31934,14396,17538,45.1,54.9,14396,17538
2023-01-01,"Jan","2023","S08000015","NHS Ayrshire and Arran",14230,9304,4926,65.4,34.6,9304,4926
2023-01-01,"Jan","2023","S08000016","NHS Borders",4966,3322,1644,66.9,33.1,3322,1644
2023-01-01,"Jan","2023","S08000017","NHS Dumfries and Galloway",7596,5974,1622,78.6,21.4,5974,1622
2023-01-01,"Jan","2023","S08000019","NHS Forth Valley",11246,6906,4340,61.4,38.6,6906,4340
2023-01-01,"Jan","2023","S08000020","NHS Grampian",19312,12734,6578,65.9,34.1,12734,6578
2023-01-01,"Jan","2023","S08000022","NHS Highland",14472,12216,2256,84.4,15.6,12216,2256
2023-01-01,"Jan","2023","S08000024","NHS Lothian",41102,24786,16316,60.3,39.7,24786,16316
2023-01-01,"Jan","2023","S08000025","NHS Orkney",1192,1034,158,86.7,13.3,1034,158
2023-01-01,"Jan","2023","S08000026","NHS Shetland",1404,1216,188,86.6,13.4,1216,188
2023-01-01,"Jan","2023","S08000028","NHS Western Isles",1220,1204,16,98.7,1.3,1204,16
2023-01-01,"Jan","2023","S08000029","NHS Fife",13082,9260,3822,70.8,29.2,9260,3822
2023-01-01,"Jan","2023","S08000030","NHS Tayside",13914,12804,1110,92,8,12804,1110
2023-01-01,"Jan","2023","S08000031","NHS Greater Glasgow and Clyde",59508,43788,15720,73.6,26.4,43788,15720
2023-01-01,"Jan","2023","S08000032","NHS Lanarkshire",28702,15554,13148,54.2,45.8,15554,13148
2023-02-01,"Feb","2023","S08000015","NHS Ayrshire and Arran",13596,9280,4316,68.3,31.7,9280,4316
2023-02-01,"Feb","2023","S08000016","NHS Borders",4832,3186,1646,65.9,34.1,3186,1646
2023-02-01,"Feb","2023","S08000017","NHS Dumfries and Galloway",7322,5876,1446,80.3,19.7,5876,1446
2023-02-01,"Feb","2023","S08000019","NHS Forth Valley",10984,6902,4082,62.8,37.2,6902,4082
2023-02-01,"Feb","2023","S08000020","NHS Grampian",17440,11878,5562,68.1,31.9,11878,5562
2023-02-01,"Feb","2023","S08000022","NHS Highland",13740,11792,1948,85.8,14.2,11792,1948
2023-02-01,"Feb","2023","S08000024","NHS Lothian",39310,23204,16106,59,41,23204,16106
2023-02-01,"Feb","2023","S08000025","NHS Orkney",1098,932,166,84.9,15.1,932,166
2023-02-01,"Feb","2023","S08000026","NHS Shetland",1262,1146,116,90.8,9.2,1146,116
2023-02-01,"Feb","2023","S08000028","NHS Western Isles",1154,1140,14,98.8,1.2,1140,14
2023-02-01,"Feb","2023","S08000029","NHS Fife",12620,9302,3318,73.7,26.3,9302,3318
2023-02-01,"Feb","2023","S08000030","NHS Tayside",13712,12530,1182,91.4,8.6,12530,1182
2023-02-01,"Feb","2023","S08000031","NHS Greater Glasgow and Clyde",59860,43362,16498,72.4,27.6,43362,16498
2023-02-01,"Feb","2023","S08000032","NHS Lanarkshire",28404,17024,11380,59.9,40.1,17024,11380
2023-03-01,"Mar","2023","S08000015","NHS Ayrshire and Arran",16018,10702,5316,66.8,33.2,10702,5316
2023-03-01,"Mar","2023","S08000016","NHS Borders",5538,3390,2148,61.2,38.8,3390,2148
2023-03-01,"Mar","2023","S08000017","NHS Dumfries and Galloway",8308,6588,1720,79.3,20.7,6588,1720
2023-03-01,"Mar","2023","S08000019","NHS Forth Valley",13326,7936,5390,59.6,40.4,7936,5390
2023-03-01,"Mar","2023","S08000020","NHS Grampian",19744,12886,6858,65.3,34.7,12886,6858
2023-03-01,"Mar","2023","S08000022","NHS Highland",16148,13700,2448,84.8,15.2,13700,2448
2023-03-01,"Mar","2023","S08000024","NHS Lothian",45234,27838,17396,61.5,38.5,27838,17396
2023-03-01,"Mar","2023","S08000025","NHS Orkney",1268,1078,190,85,15,1078,190
2023-03-01,"Mar","2023","S08000026","NHS Shetland",1280,1114,166,87,13,1114,166
2023-03-01,"Mar","2023","S08000028","NHS Western Isles",1276,1262,14,98.9,1.1,1262,14
2023-03-01,"Mar","2023","S08000029","NHS Fife",14870,10504,4366,70.6,29.4,10504,4366
2023-03-01,"Mar","2023","S08000030","NHS Tayside",15858,14232,1626,89.7,10.3,14232,1626
2023-03-01,"Mar","2023","S08000031","NHS Greater Glasgow and Clyde",68188,47578,20610,69.8,30.2,47578,20610
2023-03-01,"Mar","2023","S08000032","NHS Lanarkshire",34318,19628,14690,57.2,42.8,19628,14690
2023-04-01,"Apr","2023","S08000015","NHS Ayrshire and Arran",16210,11400,4810,70.3,29.7,11400,4810
2023-04-01,"Apr","2023","S08000016","NHS Borders",5432,3648,1784,67.2,32.8,3648,1784
2023-04-01,"Apr","2023","S08000017","NHS Dumfries and Galloway",8532,6574,1958,77.1,22.9,6574,1958
2023-04-01,"Apr","2023","S08000019","NHS Forth Valley",12962,8236,4726,63.5,36.5,8236,4726
2023-04-01,"Apr","2023","S08000020","NHS Grampian",20320,13974,6346,68.8,31.2,13974,6346
2023-04-01,"Apr","2023","S08000022","NHS Highland",16604,14026,2578,84.5,15.5,14026,2578
2023-04-01,"Apr","2023","S08000024","NHS Lothian",42652,26914,15738,63.1,36.9,26914,15738
2023-04-01,"Apr","2023","S08000025","NHS Orkney",1286,1136,150,88.3,11.7,1136,150
2023-04-01,"Apr","2023","S08000026","NHS Shetland",1270,1150,120,90.6,9.4,1150,120
2023-04-01,"Apr","2023","S08000028","NHS Western Isles",1446,1430,16,98.9,1.1,1430,16
2023-04-01,"Apr","2023","S08000029","NHS Fife",14522,10698,3824,73.7,26.3,10698,3824
2023-04-01,"Apr","2023","S08000030","NHS Tayside",15054,13678,1376,90.9,9.1,13678,1376
2023-04-01,"Apr","2023","S08000031","NHS Greater Glasgow and Clyde",65256,45220,20036,69.3,30.7,45220,20036
2023-04-01,"Apr","2023","S08000032","NHS Lanarkshire",32420,18608,13812,57.4,42.6,18608,13812
2023-05-01,"May","2023","S08000015","NHS Ayrshire and Arran",17876,12712,5164,71.1,28.9,12712,5164
2023-05-01,"May","2023","S08000016","NHS Borders",6122,4166,1956,68,32,4166,1956
2023-05-01,"May","2023","S08000017","NHS Dumfries and Galloway",9270,7566,1704,81.6,18.4,7566,1704
2023-05-01,"May","2023","S08000019","NHS Forth Valley",15028,9684,5344,64.4,35.6,9684,5344
2023-05-01,"May","2023","S08000020","NHS Grampian",22152,15632,6520,70.6,29.4,15632,6520
2023-05-01,"May","2023","S08000022","NHS Highland",18610,15724,2886,84.5,15.5,15724,2886
2023-05-01,"May","2023","S08000024","NHS Lothian",47356,30750,16606,64.9,35.1,30750,16606
2023-05-01,"May","2023","S08000025","NHS Orkney",1458,1248,210,85.6,14.4,1248,210
2023-05-01,"May","2023","S08000026","NHS Shetland",1428,1294,134,90.6,9.4,1294,134
2023-05-01,"May","2023","S08000028","NHS Western Isles",1600,1592,8,99.5,0.5,1592,8
2023-05-01,"May","2023","S08000029","NHS Fife",16558,12488,4070,75.4,24.6,12488,4070
2023-05-01,"May","2023","S08000030","NHS Tayside",17466,15926,1540,91.2,8.8,15926,1540
2023-05-01,"May","2023","S08000031","NHS Greater Glasgow and Clyde",72080,51488,20592,71.4,28.6,51488,20592
2023-05-01,"May","2023","S08000032","NHS Lanarkshire",34688,20026,14662,57.7,42.3,20026,14662
2023-06-01,"Jun","2023","S08000015","NHS Ayrshire and Arran",17720,12576,5144,71,29,12576,5144
2023-06-01,"Jun","2023","S08000016","NHS Borders",5728,3980,1748,69.5,30.5,3980,1748
2023-06-01,"Jun","2023","S08000017","NHS Dumfries and Galloway",9112,7458,1654,81.8,18.2,7458,1654
2023-06-01,"Jun","2023","S08000019","NHS Forth Valley",14712,9968,4744,67.8,32.2,9968,4744
2023-06-01,"Jun","2023","S08000020","NHS Grampian",21970,15622,6348,71.1,28.9,15622,6348
2023-06-01,"Jun","2023","S08000022","NHS Highland",19410,16344,3066,84.2,15.8,16344,3066
2023-06-01,"Jun","2023","S08000024","NHS Lothian",46412,31344,15068,67.5,32.5,31344,15068
2023-06-01,"Jun","2023","S08000025","NHS Orkney",1280,1132,148,88.4,11.6,1132,148
2023-06-01,"Jun","2023","S08000026","NHS Shetland",1588,1416,172,89.2,10.8,1416,172
2023-06-01,"Jun","2023","S08000028","NHS Western Isles",1718,1708,10,99.4,0.6,1708,10
2023-06-01,"Jun","2023","S08000029","NHS Fife",16616,13160,3456,79.2,20.8,13160,3456
2023-06-01,"Jun","2023","S08000030","NHS Tayside",16820,15458,1362,91.9,8.1,15458,1362
2023-06-01,"Jun","2023","S08000031","NHS Greater Glasgow and Clyde",70864,52048,18816,73.4,26.6,52048,18816
2023-06-01,"Jun","2023","S08000032","NHS Lanarkshire",34734,20826,13908,60,40,20826,13908
2023-07-01,"Jul","2023","S08000015","NHS Ayrshire and Arran",17200,12132,5068,70.5,29.5,12132,5068
2023-07-01,"Jul","2023","S08000016","NHS Borders",5832,4022,1810,69,31,4022,1810
2023-07-01,"Jul","2023","S08000017","NHS Dumfries and Galloway",8808,7270,1538,82.5,17.5,7270,1538
2023-07-01,"Jul","2023","S08000019","NHS Forth Valley",13924,9020,4904,64.8,35.2,9020,4904
2023-07-01,"Jul","2023","S08000020","NHS Grampian",21124,15196,5928,71.9,28.1,15196,5928
2023-07-01,"Jul","2023","S08000022","NHS Highland",18606,15806,2800,85,15,15806,2800
2023-07-01,"Jul","2023","S08000024","NHS Lothian",43474,28852,14622,66.4,33.6,28852,14622
2023-07-01,"Jul","2023","S08000025","NHS Orkney",1458,1280,178,87.8,12.2,1280,178
2023-07-01,"Jul","2023","S08000026","NHS Shetland",1494,1280,214,85.7,14.3,1280,214
2023-07-01,"Jul","2023","S08000028","NHS Western Isles",1602,1582,20,98.8,1.2,1582,20
2023-07-01,"Jul","2023","S08000029","NHS Fife",15458,11858,3600,76.7,23.3,11858,3600
2023-07-01,"Jul","2023","S08000030","NHS Tayside",15856,14498,1358,91.4,8.6,14498,1358
2023-07-01,"Jul","2023","S08000031","NHS Greater Glasgow and Clyde",66730,49074,17656,73.5,26.5,49074,17656
2023-07-01,"Jul","2023","S08000032","NHS Lanarkshire",32960,21572,11388,65.4,34.6,21572,11388
2023-08-01,"Aug","2023","S08000015","NHS Ayrshire and Arran",17438,12368,5070,70.9,29.1,12368,5070
2023-08-01,"Aug","2023","S08000016","NHS Borders",5790,3730,2060,64.4,35.6,3730,2060
2023-08-01,"Aug","2023","S08000017","NHS Dumfries and Galloway",9452,7584,1868,80.2,19.8,7584,1868
2023-08-01,"Aug","2023","S08000019","NHS Forth Valley",14842,9834,5008,66.3,33.7,9834,5008
2023-08-01,"Aug","2023","S08000020","NHS Grampian",21596,15060,6536,69.7,30.3,15060,6536
2023-08-01,"Aug","2023","S08000022","NHS Highland",19356,16514,2842,85.3,14.7,16514,2842
2023-08-01,"Aug","2023","S08000024","NHS Lothian",46638,30024,16614,64.4,35.6,30024,16614
2023-08-01,"Aug","2023","S08000025","NHS Orkney",1460,1278,182,87.5,12.5,1278,182
2023-08-01,"Aug","2023","S08000026","NHS Shetland",1546,1286,260,83.2,16.8,1286,260
2023-08-01,"Aug","2023","S08000028","NHS Western Isles",1594,1570,24,98.5,1.5,1570,24
2023-08-01,"Aug","2023","S08000029","NHS Fife",16598,13210,3388,79.6,20.4,13210,3388
2023-08-01,"Aug","2023","S08000030","NHS Tayside",16720,15386,1334,92,8,15386,1334
2023-08-01,"Aug","2023","S08000031","NHS Greater Glasgow and Clyde",71014,51060,19954,71.9,28.1,51060,19954
2023-08-01,"Aug","2023","S08000032","NHS Lanarkshire",35110,21330,13780,60.8,39.2,21330,13780
2023-09-01,"Sep","2023","S08000015","NHS Ayrshire and Arran",17032,11852,5180,69.6,30.4,11852,5180
2023-09-01,"Sep","2023","S08000016","NHS Borders",5626,3670,1956,65.2,34.8,3670,1956
2023-09-01,"Sep","2023","S08000017","NHS Dumfries and Galloway",8852,7052,1800,79.7,20.3,7052,1800
2023-09-01,"Sep","2023","S08000019","NHS Forth Valley",14716,9184,5532,62.4,37.6,9184,5532
2023-09-01,"Sep","2023","S08000020","NHS Grampian",21880,15346,6534,70.1,29.9,15346,6534
2023-09-01,"Sep","2023","S08000022","NHS Highland",17146,14862,2284,86.7,13.3,14862,2284
2023-09-01,"Sep","2023","S08000024","NHS Lothian",46256,29210,17046,63.1,36.9,29210,17046
2023-09-01,"Sep","2023","S08000025","NHS Orkney",1310,1214,96,92.7,7.3,1214,96
2023-09-01,"Sep","2023","S08000026","NHS Shetland",1574,1264,310,80.3,19.7,1264,310
2023-09-01,"Sep","2023","S08000028","NHS Western Isles",1378,1362,16,98.8,1.2,1362,16
2023-09-01,"Sep","2023","S08000029","NHS Fife",16296,12086,4210,74.2,25.8,12086,4210
2023-09-01,"Sep","2023","S08000030","NHS Tayside",16572,15186,1386,91.6,8.4,15186,1386
2023-09-01,"Sep","2023","S08000031","NHS Greater Glasgow and Clyde",69982,49332,20650,70.5,29.5,49332,20650
2023-09-01,"Sep","2023","S08000032","NHS Lanarkshire",33480,20172,13308,60.3,39.7,20172,13308
2023-10-01,"Oct","2023","S08000015","NHS Ayrshire and Arran",16396,11158,5238,68.1,31.9,11158,5238
2023-10-01,"Oct","2023","S08000016","NHS Borders",5288,3396,1892,64.2,35.8,3396,1892
2023-10-01,"Oct","2023","S08000017","NHS Dumfries and Galloway",9126,7012,2114,76.8,23.2,7012,2114
2023-10-01,"Oct","2023","S08000019","NHS Forth Valley",13574,8216,5358,60.5,39.5,8216,5358
2023-10-01,"Oct","2023","S08000020","NHS Grampian",20024,13622,6402,68,32,13622,6402
2023-10-01,"Oct","2023","S08000022","NHS Highland",15784,13380,2404,84.8,15.2,13380,2404
2023-10-01,"Oct","2023","S08000024","NHS Lothian",46100,28522,17578,61.9,38.1,28522,17578
2023-10-01,"Oct","2023","S08000025","NHS Orkney",1178,1122,56,95.2,4.8,1122,56
2023-10-01,"Oct","2023","S08000026","NHS Shetland",1324,1120,204,84.6,15.4,1120,204
2023-10-01,"Oct","2023","S08000028","NHS Western Isles",1136,1118,18,98.4,1.6,1118,18
2023-10-01,"Oct","2023","S08000029","NHS Fife",14912,11186,3726,75,25,11186,3726
2023-10-01,"Oct","2023","S08000030","NHS Tayside",14778,13636,1142,92.3,7.7,13636,1142
2023-10-01,"Oct","2023","S08000031","NHS Greater Glasgow and Clyde",69694,47864,21830,68.7,31.3,47864,21830
2023-10-01,"Oct","2023","S08000032","NHS Lanarkshire",33770,19704,14066,58.3,41.7,19704,14066
2023-11-01,"Nov","2023","S08000015","NHS Ayrshire and Arran",15130,10504,4626,69.4,30.6,10504,4626
2023-11-01,"Nov","2023","S08000016","NHS Borders",5196,3720,1476,71.6,28.4,3720,1476
2023-11-01,"Nov","2023","S08000017","NHS Dumfries and Galloway",8186,6276,1910,76.7,23.3,6276,1910
2023-11-01,"Nov","2023","S08000019","NHS Forth Valley",13616,8084,5532,59.4,40.6,8084,5532
2023-11-01,"Nov","2023","S08000020","NHS Grampian",20068,13478,6590,67.2,32.8,13478,6590
2023-11-01,"Nov","2023","S08000022","NHS Highland",14374,12236,2138,85.1,14.9,12236,2138
2023-11-01,"Nov","2023","S08000024","NHS Lothian",45076,26764,18312,59.4,40.6,26764,18312
2023-11-01,"Nov","2023","S08000025","NHS Orkney",1128,1036,92,91.8,8.2,1036,92
2023-11-01,"Nov","2023","S08000026","NHS Shetland",1336,1148,188,85.9,14.1,1148,188
2023-11-01,"Nov","2023","S08000028","NHS Western Isles",1312,1276,36,97.3,2.7,1276,36
2023-11-01,"Nov","2023","S08000029","NHS Fife",14686,11014,3672,75,25,11014,3672
2023-11-01,"Nov","2023","S08000030","NHS Tayside",14572,13644,928,93.6,6.4,13644,928
2023-11-01,"Nov","2023","S08000031","NHS Greater Glasgow and Clyde",66358,44824,21534,67.5,32.5,44824,21534
2023-11-01,"Nov","2023","S08000032","NHS Lanarkshire",32656,17896,14760,54.8,45.2,17896,14760
2023-12-01,"Dec","2023","S08000015","NHS Ayrshire and Arran",15656,10628,5028,67.9,32.1,10628,5028
2023-12-01,"Dec","2023","S08000016","NHS Borders",5390,3554,1836,65.9,34.1,3554,1836
2023-12-01,"Dec","2023","S08000017","NHS Dumfries and Galloway",8480,6466,2014,76.2,23.8,6466,2014
2023-12-01,"Dec","2023","S08000019","NHS Forth Valley",13078,7526,5552,57.5,42.5,7526,5552
2023-12-01,"Dec","2023","S08000020","NHS Grampian",21564,13752,7812,63.8,36.2,13752,7812
2023-12-01,"Dec","2023","S08000022","NHS Highland",15426,12792,2634,82.9,17.1,12792,2634
2023-12-01,"Dec","2023","S08000024","NHS Lothian",44802,26432,18370,59,41,26432,18370
2023-12-01,"Dec","2023","S08000025","NHS Orkney",1330,1222,108,91.9,8.1,1222,108
2023-12-01,"Dec","2023","S08000026","NHS Shetland",1506,1266,240,84.1,15.9,1266,240
2023-12-01,"Dec","2023","S08000028","NHS Western Isles",1378,1324,54,96.1,3.9,1324,54
2023-12-01,"Dec","2023","S08000029","NHS Fife",14466,10314,4152,71.3,28.7,10314,4152
2023-12-01,"Dec","2023","S08000030","NHS Tayside",15268,13724,1544,89.9,10.1,13724,1544
2023-12-01,"Dec","2023","S08000031","NHS Greater Glasgow and Clyde",65466,43204,22262,66,34,43204,22262
2023-12-01,"Dec","2023","S08000032","NHS Lanarkshire",32152,17912,14240,55.7,44.3,17912,14240
2024-01-01,"Jan","2024","S08000015","NHS Ayrshire and Arran",15640,10550,5090,67.5,32.5,10550,5090
2024-01-01,"Jan","2024","S08000016","NHS Borders",5404,3378,2026,62.5,37.5,3378,2026
2024-01-01,"Jan","2024","S08000017","NHS Dumfries and Galloway",8136,6110,2026,75.1,24.9,6110,2026
2024-01-01,"Jan","2024","S08000019","NHS Forth Valley",13034,7478,5556,57.4,42.6,7478,5556
2024-01-01,"Jan","2024","S08000020","NHS Grampian",20240,13418,6822,66.3,33.7,13418,6822
2024-01-01,"Jan","2024","S08000022","NHS Highland",15620,12914,2706,82.7,17.3,12914,2706
2024-01-01,"Jan","2024","S08000024","NHS Lothian",44798,26304,18494,58.7,41.3,26304,18494
2024-01-01,"Jan","2024","S08000025","NHS Orkney",1192,1112,80,93.3,6.7,1112,80
2024-01-01,"Jan","2024","S08000026","NHS Shetland",1238,1048,190,84.7,15.3,1048,190
2024-01-01,"Jan","2024","S08000028","NHS Western Isles",1240,1148,92,92.6,7.4,1148,92
2024-01-01,"Jan","2024","S08000029","NHS Fife",15102,10948,4154,72.5,27.5,10948,4154
2024-01-01,"Jan","2024","S08000030","NHS Tayside",15376,13760,1616,89.5,10.5,13760,1616
2024-01-01,"Jan","2024","S08000031","NHS Greater Glasgow and Clyde",67372,43432,23940,64.5,35.5,43432,23940
2024-01-01,"Jan","2024","S08000032","NHS Lanarkshire",32964,18164,14800,55.1,44.9,18164,14800
2024-02-01,"Feb","2024","S08000015","NHS Ayrshire and Arran",15526,10306,5220,66.4,33.6,10306,5220
2024-02-01,"Feb","2024","S08000016","NHS Borders",5050,3226,1824,63.9,36.1,3226,1824
2024-02-01,"Feb","2024","S08000017","NHS Dumfries and Galloway",8188,6448,1740,78.7,21.3,6448,1740
2024-02-01,"Feb","2024","S08000019","NHS Forth Valley",12832,7288,5544,56.8,43.2,7288,5544
2024-02-01,"Feb","2024","S08000020","NHS Grampian",19706,12828,6878,65.1,34.9,12828,6878
2024-02-01,"Feb","2024","S08000022","NHS Highland",15298,12610,2688,82.4,17.6,12610,2688
2024-02-01,"Feb","2024","S08000024","NHS Lothian",43890,26888,17002,61.3,38.7,26888,17002
2024-02-01,"Feb","2024","S08000025","NHS Orkney",1286,1158,128,90,10,1158,128
2024-02-01,"Feb","2024","S08000026","NHS Shetland",1154,1016,138,88,12,1016,138
2024-02-01,"Feb","2024","S08000028","NHS Western Isles",1196,1134,62,94.8,5.2,1134,62
2024-02-01,"Feb","2024","S08000029","NHS Fife",14880,10788,4092,72.5,27.5,10788,4092
2024-02-01,"Feb","2024","S08000030","NHS Tayside",14862,13362,1500,89.9,10.1,13362,1500
2024-02-01,"Feb","2024","S08000031","NHS Greater Glasgow and Clyde",66102,45546,20556,68.9,31.1,45546,20556
2024-02-01,"Feb","2024","S08000032","NHS Lanarkshire",32178,17800,14378,55.3,44.7,17800,14378
2024-03-01,"Mar","2024","S08000015","NHS Ayrshire and Arran",17386,11414,5972,65.7,34.3,11414,5972
2024-03-01,"Mar","2024","S08000016","NHS Borders",5992,4102,1890,68.5,31.5,4102,1890
2024-03-01,"Mar","2024","S08000017","NHS Dumfries and Galloway",9194,7024,2170,76.4,23.6,7024,2170
2024-03-01,"Mar","2024","S08000019","NHS Forth Valley",14332,8490,5842,59.2,40.8,8490,5842
2024-03-01,"Mar","2024","S08000020","NHS Grampian",22052,14860,7192,67.4,32.6,14860,7192
2024-03-01,"Mar","2024","S08000022","NHS Highland",17264,14312,2952,82.9,17.1,14312,2952
2024-03-01,"Mar","2024","S08000024","NHS Lothian",48182,28796,19386,59.8,40.2,28796,19386
2024-03-01,"Mar","2024","S08000025","NHS Orkney",1366,1288,78,94.3,5.7,1288,78
2024-03-01,"Mar","2024","S08000026","NHS Shetland",1398,1278,120,91.4,8.6,1278,120
2024-03-01,"Mar","2024","S08000028","NHS Western Isles",1372,1334,38,97.2,2.8,1334,38
2024-03-01,"Mar","2024","S08000029","NHS Fife",16192,11902,4290,73.5,26.5,11902,4290
2024-03-01,"Mar","2024","S08000030","NHS Tayside",16408,14758,1650,89.9,10.1,14758,1650
2024-03-01,"Mar","2024","S08000031","NHS Greater Glasgow and Clyde",71790,49944,21846,69.6,30.4,49944,21846
2024-03-01,"Mar","2024","S08000032","NHS Lanarkshire",35074,19420,15654,55.4,44.6,19420,15654
2024-04-01,"Apr","2024","S08000015","NHS Ayrshire and Arran",16462,10690,5772,64.9,35.1,10690,5772
2024-04-01,"Apr","2024","S08000016","NHS Borders",5490,3604,1886,65.6,34.4,3604,1886
2024-04-01,"Apr","2024","S08000017","NHS Dumfries and Galloway",8920,6828,2092,76.5,23.5,6828,2092
2024-04-01,"Apr","2024","S08000019","NHS Forth Valley",14102,8412,5690,59.7,40.3,8412,5690
2024-04-01,"Apr","2024","S08000020","NHS Grampian",20394,13630,6764,66.8,33.2,13630,6764
2024-04-01,"Apr","2024","S08000022","NHS Highland",16940,14326,2614,84.6,15.4,14326,2614
2024-04-01,"Apr","2024","S08000024","NHS Lothian",44858,26556,18302,59.2,40.8,26556,18302
2024-04-01,"Apr","2024","S08000025","NHS Orkney",1388,1260,128,90.8,9.2,1260,128
2024-04-01,"Apr","2024","S08000026","NHS Shetland",1366,1222,144,89.5,10.5,1222,144
2024-04-01,"Apr","2024","S08000028","NHS Western Isles",1478,1424,54,96.3,3.7,1424,54
2024-04-01,"Apr","2024","S08000029","NHS Fife",16302,12144,4158,74.5,25.5,12144,4158
2024-04-01,"Apr","2024","S08000030","NHS Tayside",15944,14518,1426,91.1,8.9,14518,1426
2024-04-01,"Apr","2024","S08000031","NHS Greater Glasgow and Clyde",69206,48804,20402,70.5,29.5,48804,20402
2024-04-01,"Apr","2024","S08000032","NHS Lanarkshire",34022,18004,16018,52.9,47.1,18004,16018
2024-05-01,"May","2024","S08000015","NHS Ayrshire and Arran",19072,12802,6270,67.1,32.9,12802,6270
2024-05-01,"May","2024","S08000016","NHS Borders",6152,4046,2106,65.8,34.2,4046,2106
2024-05-01,"May","2024","S08000017","NHS Dumfries and Galloway",9876,7690,2186,77.9,22.1,7690,2186
2024-05-01,"May","2024","S08000019","NHS Forth Valley",15312,9750,5562,63.7,36.3,9750,5562
2024-05-01,"May","2024","S08000020","NHS Grampian",22926,15680,7246,68.4,31.6,15680,7246
2024-05-01,"May","2024","S08000022","NHS Highland",20314,17154,3160,84.4,15.6,17154,3160
2024-05-01,"May","2024","S08000024","NHS Lothian",52052,36494,15558,70.1,29.9,36494,15558
2024-05-01,"May","2024","S08000025","NHS Orkney",1570,1468,102,93.5,6.5,1468,102
2024-05-01,"May","2024","S08000026","NHS Shetland",1610,1456,154,90.4,9.6,1456,154
2024-05-01,"May","2024","S08000028","NHS Western Isles",1746,1678,68,96.1,3.9,1678,68
2024-05-01,"May","2024","S08000029","NHS Fife",17962,13720,4242,76.4,23.6,13720,4242
2024-05-01,"May","2024","S08000030","NHS Tayside",18454,16932,1522,91.8,8.2,16932,1522
2024-05-01,"May","2024","S08000031","NHS Greater Glasgow and Clyde",75442,55158,20284,73.1,26.9,55158,20284
2024-05-01,"May","2024","S08000032","NHS Lanarkshire",37106,20846,16260,56.2,43.8,20846,16260
2024-06-01,"Jun","2024","S08000015","NHS Ayrshire and Arran",17656,11426,6230,64.7,35.3,11426,6230
2024-06-01,"Jun","2024","S08000016","NHS Borders",5996,4132,1864,68.9,31.1,4132,1864
2024-06-01,"Jun","2024","S08000017","NHS Dumfries and Galloway",9298,6904,2394,74.3,25.7,6904,2394
2024-06-01,"Jun","2024","S08000019","NHS Forth Valley",14564,8972,5592,61.6,38.4,8972,5592
2024-06-01,"Jun","2024","S08000020","NHS Grampian",22336,15050,7286,67.4,32.6,15050,7286
2024-06-01,"Jun","2024","S08000022","NHS Highland",18850,16110,2740,85.5,14.5,16110,2740
2024-06-01,"Jun","2024","S08000024","NHS Lothian",50140,34258,15882,68.3,31.7,34258,15882
2024-06-01,"Jun","2024","S08000025","NHS Orkney",1452,1324,128,91.2,8.8,1324,128
2024-06-01,"Jun","2024","S08000026","NHS Shetland",1544,1358,186,88,12,1358,186
2024-06-01,"Jun","2024","S08000028","NHS Western Isles",1534,1478,56,96.3,3.7,1478,56
2024-06-01,"Jun","2024","S08000029","NHS Fife",17100,12890,4210,75.4,24.6,12890,4210
2024-06-01,"Jun","2024","S08000030","NHS Tayside",17418,15502,1916,89,11,15502,1916
2024-06-01,"Jun","2024","S08000031","NHS Greater Glasgow and Clyde",70546,48634,21912,68.9,31.1,48634,21912
2024-06-01,"Jun","2024","S08000032","NHS Lanarkshire",33778,19178,14600,56.8,43.2,19178,14600
2024-07-01,"Jul","2024","S08000015","NHS Ayrshire and Arran",17078,11916,5162,69.8,30.2,11916,5162
2024-07-01,"Jul","2024","S08000016","NHS Borders",5910,3822,2088,64.7,35.3,3822,2088
2024-07-01,"Jul","2024","S08000017","NHS Dumfries and Galloway",9296,6974,2322,75,25,6974,2322
2024-07-01,"Jul","2024","S08000019","NHS Forth Valley",13808,8828,4980,63.9,36.1,8828,4980
2024-07-01,"Jul","2024","S08000020","NHS Grampian",20396,13634,6762,66.8,33.2,13634,6762
2024-07-01,"Jul","2024","S08000022","NHS Highland",19388,16224,3164,83.7,16.3,16224,3164
2024-07-01,"Jul","2024","S08000024","NHS Lothian",47852,32516,15336,68,32,32516,15336
2024-07-01,"Jul","2024","S08000025","NHS Orkney",1580,1448,132,91.6,8.4,1448,132
2024-07-01,"Jul","2024","S08000026","NHS Shetland",1536,1342,194,87.4,12.6,1342,194
2024-07-01,"Jul","2024","S08000028","NHS Western Isles",1534,1456,78,94.9,5.1,1456,78
2024-07-01,"Jul","2024","S08000029","NHS Fife",16272,12374,3898,76,24,12374,3898
2024-07-01,"Jul","2024","S08000030","NHS Tayside",16542,15052,1490,91,9,15052,1490
2024-07-01,"Jul","2024","S08000031","NHS Greater Glasgow and Clyde",68408,47930,20478,70.1,29.9,47930,20478
2024-07-01,"Jul","2024","S08000032","NHS Lanarkshire",34052,19454,14598,57.1,42.9,19454,14598
2024-08-01,"Aug","2024","S08000015","NHS Ayrshire and Arran",16612,11356,5256,68.4,31.6,11356,5256
2024-08-01,"Aug","2024","S08000016","NHS Borders",5890,3854,2036,65.4,34.6,3854,2036
2024-08-01,"Aug","2024","S08000017","NHS Dumfries and Galloway",9634,7670,1964,79.6,20.4,7670,1964
2024-08-01,"Aug","2024","S08000019","NHS Forth Valley",14344,8976,5368,62.6,37.4,8976,5368
2024-08-01,"Aug","2024","S08000020","NHS Grampian",20990,14300,6690,68.1,31.9,14300,6690
2024-08-01,"Aug","2024","S08000022","NHS Highland",19210,15964,3246,83.1,16.9,15964,3246
2024-08-01,"Aug","2024","S08000024","NHS Lothian",50444,32116,18328,63.7,36.3,32116,18328
2024-08-01,"Aug","2024","S08000025","NHS Orkney",1494,1342,152,89.8,10.2,1342,152
2024-08-01,"Aug","2024","S08000026","NHS Shetland",1470,1328,142,90.3,9.7,1328,142
2024-08-01,"Aug","2024","S08000028","NHS Western Isles",1540,1472,68,95.6,4.4,1472,68
2024-08-01,"Aug","2024","S08000029","NHS Fife",16700,12504,4196,74.9,25.1,12504,4196
2024-08-01,"Aug","2024","S08000030","NHS Tayside",16774,14750,2024,87.9,12.1,14750,2024
2024-08-01,"Aug","2024","S08000031","NHS Greater Glasgow and Clyde",68972,50032,18940,72.5,27.5,50032,18940
2024-08-01,"Aug","2024","S08000032","NHS Lanarkshire",34494,20458,14036,59.3,40.7,20458,14036
2024-09-01,"Sep","2024","S08000015","NHS Ayrshire and Arran",17542,12170,5372,69.4,30.6,12170,5372
2024-09-01,"Sep","2024","S08000016","NHS Borders",5924,3680,2244,62.1,37.9,3680,2244
2024-09-01,"Sep","2024","S08000017","NHS Dumfries and Galloway",9294,7066,2228,76,24,7066,2228
2024-09-01,"Sep","2024","S08000019","NHS Forth Valley",14896,9202,5694,61.8,38.2,9202,5694
2024-09-01,"Sep","2024","S08000020","NHS Grampian",21162,14194,6968,67.1,32.9,14194,6968
2024-09-01,"Sep","2024","S08000022","NHS Highland",18582,15432,3150,83,17,15432,3150
2024-09-01,"Sep","2024","S08000024","NHS Lothian",50282,32194,18088,64,36,32194,18088
2024-09-01,"Sep","2024","S08000025","NHS Orkney",1390,1242,148,89.4,10.6,1242,148
2024-09-01,"Sep","2024","S08000026","NHS Shetland",1454,1264,190,86.9,13.1,1264,190
2024-09-01,"Sep","2024","S08000028","NHS Western Isles",1484,1398,86,94.2,5.8,1398,86
2024-09-01,"Sep","2024","S08000029","NHS Fife",16856,12846,4010,76.2,23.8,12846,4010
2024-09-01,"Sep","2024","S08000030","NHS Tayside",16734,14514,2220,86.7,13.3,14514,2220
2024-09-01,"Sep","2024","S08000031","NHS Greater Glasgow and Clyde",71184,51918,19266,72.9,27.1,51918,19266
2024-09-01,"Sep","2024","S08000032","NHS Lanarkshire",34170,20480,13690,59.9,40.1,20480,13690
2024-10-01,"Oct","2024","S08000015","NHS Ayrshire and Arran",16692,11292,5400,67.6,32.4,11292,5400
2024-10-01,"Oct","2024","S08000016","NHS Borders",5628,3478,2150,61.8,38.2,3478,2150
2024-10-01,"Oct","2024","S08000017","NHS Dumfries and Galloway",9006,6772,2234,75.2,24.8,6772,2234
2024-10-01,"Oct","2024","S08000019","NHS Forth Valley",14048,8366,5682,59.6,40.4,8366,5682
2024-10-01,"Oct","2024","S08000020","NHS Grampian",20136,13050,7086,64.8,35.2,13050,7086
2024-10-01,"Oct","2024","S08000022","NHS Highland",16722,14060,2662,84.1,15.9,14060,2662
2024-10-01,"Oct","2024","S08000024","NHS Lothian",50432,31372,19060,62.2,37.8,31372,19060
2024-10-01,"Oct","2024","S08000025","NHS Orkney",1298,1180,118,90.9,9.1,1180,118
2024-10-01,"Oct","2024","S08000026","NHS Shetland",1422,1208,214,85,15,1208,214
2024-10-01,"Oct","2024","S08000028","NHS Western Isles",1340,1256,84,93.7,6.3,1256,84
2024-10-01,"Oct","2024","S08000029","NHS Fife",16012,12018,3994,75.1,24.9,12018,3994
2024-10-01,"Oct","2024","S08000030","NHS Tayside",15622,14044,1578,89.9,10.1,14044,1578
2024-10-01,"Oct","2024","S08000031","NHS Greater Glasgow and Clyde",70616,48042,22574,68,32,48042,22574
2024-10-01,"Oct","2024","S08000032","NHS Lanarkshire",35448,19010,16438,53.6,46.4,19010,16438
2024-11-01,"Nov","2024","S08000015","NHS Ayrshire and Arran",15532,11154,4378,71.8,28.2,11154,4378
2024-11-01,"Nov","2024","S08000016","NHS Borders",5586,3392,2194,60.7,39.3,3392,2194
2024-11-01,"Nov","2024","S08000017","NHS Dumfries and Galloway",8480,6266,2214,73.9,26.1,6266,2214
2024-11-01,"Nov","2024","S08000019","NHS Forth Valley",13400,7916,5484,59.1,40.9,7916,5484
2024-11-01,"Nov","2024","S08000020","NHS Grampian",19558,12652,6906,64.7,35.3,12652,6906
2024-11-01,"Nov","2024","S08000022","NHS Highland",14864,12074,2790,81.2,18.8,12074,2790
2024-11-01,"Nov","2024","S08000024","NHS Lothian",51478,32252,19226,62.7,37.3,32252,19226
2024-11-01,"Nov","2024","S08000025","NHS Orkney",1218,1114,104,91.5,8.5,1114,104
2024-11-01,"Nov","2024","S08000026","NHS Shetland",1232,1128,104,91.6,8.4,1128,104
2024-11-01,"Nov","2024","S08000028","NHS Western Isles",1348,1250,98,92.7,7.3,1250,98
2024-11-01,"Nov","2024","S08000029","NHS Fife",15114,11194,3920,74.1,25.9,11194,3920
2024-11-01,"Nov","2024","S08000030","NHS Tayside",15476,13722,1754,88.7,11.3,13722,1754
2024-11-01,"Nov","2024","S08000031","NHS Greater Glasgow and Clyde",69258,45804,23454,66.1,33.9,45804,23454
2024-11-01,"Nov","2024","S08000032","NHS Lanarkshire",33506,18620,14886,55.6,44.4,18620,14886
2024-12-01,"Dec","2024","S08000015","NHS Ayrshire and Arran",16578,9998,6580,60.3,39.7,9998,6580
2024-12-01,"Dec","2024","S08000016","NHS Borders",5384,3238,2146,60.1,39.9,3238,2146
2024-12-01,"Dec","2024","S08000017","NHS Dumfries and Galloway",8702,6622,2080,76.1,23.9,6622,2080
2024-12-01,"Dec","2024","S08000019","NHS Forth Valley",13084,7294,5790,55.7,44.3,7294,5790
2024-12-01,"Dec","2024","S08000020","NHS Grampian",19302,12162,7140,63,37,12162,7140
2024-12-01,"Dec","2024","S08000022","NHS Highland",17074,14002,3072,82,18,14002,3072
2024-12-01,"Dec","2024","S08000024","NHS Lothian",48638,28948,19690,59.5,40.5,28948,19690
2024-12-01,"Dec","2024","S08000025","NHS Orkney",1352,1240,112,91.7,8.3,1240,112
2024-12-01,"Dec","2024","S08000026","NHS Shetland",1398,1218,180,87.1,12.9,1218,180
2024-12-01,"Dec","2024","S08000028","NHS Western Isles",1270,1226,44,96.5,3.5,1226,44
2024-12-01,"Dec","2024","S08000029","NHS Fife",14798,10198,4600,68.9,31.1,10198,4600
2024-12-01,"Dec","2024","S08000030","NHS Tayside",15866,13264,2602,83.6,16.4,13264,2602
2024-12-01,"Dec","2024","S08000031","NHS Greater Glasgow and Clyde",69692,43730,25962,62.7,37.3,43730,25962
2024-12-01,"Dec","2024","S08000032","NHS Lanarkshire",32810,15430,17380,47,53,15430,17380
2025-01-01,"Jan","2025","S08000015","NHS Ayrshire and Arran",15120,9928,5192,65.7,34.3,9928,5192
2025-01-01,"Jan","2025","S08000016","NHS Borders",5354,3320,2034,62,38,3320,2034
2025-01-01,"Jan","2025","S08000017","NHS Dumfries and Galloway",7734,5684,2050,73.5,26.5,5684,2050
2025-01-01,"Jan","2025","S08000019","NHS Forth Valley",12878,7772,5106,60.4,39.6,7772,5106
2025-01-01,"Jan","2025","S08000020","NHS Grampian",19514,12426,7088,63.7,36.3,12426,7088
2025-01-01,"Jan","2025","S08000022","NHS Highland",15962,13234,2728,82.9,17.1,13234,2728
2025-01-01,"Jan","2025","S08000024","NHS Lothian",46076,27832,18244,60.4,39.6,27832,18244
2025-01-01,"Jan","2025","S08000025","NHS Orkney",1328,1160,168,87.3,12.7,1160,168
2025-01-01,"Jan","2025","S08000026","NHS Shetland",1362,1176,186,86.3,13.7,1176,186
2025-01-01,"Jan","2025","S08000028","NHS Western Isles",1364,1324,40,97.1,2.9,1324,40
2025-01-01,"Jan","2025","S08000029","NHS Fife",14446,10568,3878,73.2,26.8,10568,3878
2025-01-01,"Jan","2025","S08000030","NHS Tayside",14780,13096,1684,88.6,11.4,13096,1684
2025-01-01,"Jan","2025","S08000031","NHS Greater Glasgow and Clyde",65096,43854,21242,67.4,32.6,43854,21242
2025-01-01,"Jan","2025","S08000032","NHS Lanarkshire",31112,15746,15366,50.6,49.4,15746,15366
2025-02-01,"Feb","2025","S08000015","NHS Ayrshire and Arran",14848,9510,5338,64,36,9510,5338
2025-02-01,"Feb","2025","S08000016","NHS Borders",5036,3136,1900,62.3,37.7,3136,1900
2025-02-01,"Feb","2025","S08000017","NHS Dumfries and Galloway",7538,5772,1766,76.6,23.4,5772,1766
2025-02-01,"Feb","2025","S08000019","NHS Forth Valley",12178,7592,4586,62.3,37.7,7592,4586
2025-02-01,"Feb","2025","S08000020","NHS Grampian",18982,12836,6146,67.6,32.4,12836,6146
2025-02-01,"Feb","2025","S08000022","NHS Highland",14966,12316,2650,82.3,17.7,12316,2650
2025-02-01,"Feb","2025","S08000024","NHS Lothian",42860,27204,15656,63.5,36.5,27204,15656
2025-02-01,"Feb","2025","S08000025","NHS Orkney",1126,1038,88,92.2,7.8,1038,88
2025-02-01,"Feb","2025","S08000026","NHS Shetland",1208,1030,178,85.3,14.7,1030,178
2025-02-01,"Feb","2025","S08000028","NHS Western Isles",1186,1136,50,95.8,4.2,1136,50
2025-02-01,"Feb","2025","S08000029","NHS Fife",14156,10280,3876,72.6,27.4,10280,3876
2025-02-01,"Feb","2025","S08000030","NHS Tayside",14216,12650,1566,89,11,12650,1566
2025-02-01,"Feb","2025","S08000031","NHS Greater Glasgow and Clyde",61832,41760,20072,67.5,32.5,41760,20072
2025-02-01,"Feb","2025","S08000032","NHS Lanarkshire",29988,16314,13674,54.4,45.6,16314,13674
2025-03-01,"Mar","2025","S08000015","NHS Ayrshire and Arran",17514,11744,5770,67.1,32.9,11744,5770
2025-03-01,"Mar","2025","S08000016","NHS Borders",5708,3834,1874,67.2,32.8,3834,1874
2025-03-01,"Mar","2025","S08000017","NHS Dumfries and Galloway",9126,6868,2258,75.3,24.7,6868,2258
2025-03-01,"Mar","2025","S08000019","NHS Forth Valley",14592,9176,5416,62.9,37.1,9176,5416
2025-03-01,"Mar","2025","S08000020","NHS Grampian",22494,15108,7386,67.2,32.8,15108,7386
2025-03-01,"Mar","2025","S08000022","NHS Highland",17490,14446,3044,82.6,17.4,14446,3044
2025-03-01,"Mar","2025","S08000024","NHS Lothian",51384,37102,14282,72.2,27.8,37102,14282
2025-03-01,"Mar","2025","S08000025","NHS Orkney",1368,1264,104,92.4,7.6,1264,104
2025-03-01,"Mar","2025","S08000026","NHS Shetland",1334,1096,238,82.2,17.8,1096,238
2025-03-01,"Mar","2025","S08000028","NHS Western Isles",1392,1314,78,94.4,5.6,1314,78
2025-03-01,"Mar","2025","S08000029","NHS Fife",16648,12042,4606,72.3,27.7,12042,4606
2025-03-01,"Mar","2025","S08000030","NHS Tayside",16750,15346,1404,91.6,8.4,15346,1404
2025-03-01,"Mar","2025","S08000031","NHS Greater Glasgow and Clyde",72740,50852,21888,69.9,30.1,50852,21888
2025-03-01,"Mar","2025","S08000032","NHS Lanarkshire",34390,19592,14798,57,43,19592,14798
2025-04-01,"Apr","2025","S08000015","NHS Ayrshire and Arran",17544,12326,5218,70.3,29.7,12326,5218
2025-04-01,"Apr","2025","S08000016","NHS Borders",5766,3552,2214,61.6,38.4,3552,2214
2025-04-01,"Apr","2025","S08000017","NHS Dumfries and Galloway",9086,6904,2182,76,24,6904,2182
2025-04-01,"Apr","2025","S08000019","NHS Forth Valley",13946,8984,4962,64.4,35.6,8984,4962
2025-04-01,"Apr","2025","S08000020","NHS Grampian",22116,14594,7522,66,34,14594,7522
2025-04-01,"Apr","2025","S08000022","NHS Highland",19000,16082,2918,84.6,15.4,16082,2918
2025-04-01,"Apr","2025","S08000024","NHS Lothian",49094,34432,14662,70.1,29.9,34432,14662
2025-04-01,"Apr","2025","S08000025","NHS Orkney",1458,1378,80,94.5,5.5,1378,80
2025-04-01,"Apr","2025","S08000026","NHS Shetland",1414,1168,246,82.6,17.4,1168,246
2025-04-01,"Apr","2025","S08000028","NHS Western Isles",1594,1554,40,97.5,2.5,1554,40
2025-04-01,"Apr","2025","S08000029","NHS Fife",16498,12224,4274,74.1,25.9,12224,4274
2025-04-01,"Apr","2025","S08000030","NHS Tayside",16740,15158,1582,90.5,9.5,15158,1582
2025-04-01,"Apr","2025","S08000031","NHS Greater Glasgow and Clyde",69656,50490,19166,72.5,27.5,50490,19166
2025-04-01,"Apr","2025","S08000032","NHS Lanarkshire",33810,18508,15302,54.7,45.3,18508,15302
2025-05-01,"May","2025","S08000015","NHS Ayrshire and Arran",18650,12670,5980,67.9,32.1,12670,5980
2025-05-01,"May","2025","S08000016","NHS Borders",6218,3932,2286,63.2,36.8,3932,2286
2025-05-01,"May","2025","S08000017","NHS Dumfries and Galloway",9700,7898,1802,81.4,18.6,7898,1802
2025-05-01,"May","2025","S08000019","NHS Forth Valley",15474,9302,6172,60.1,39.9,9302,6172
2025-05-01,"May","2025","S08000020","NHS Grampian",23336,15134,8202,64.9,35.1,15134,8202
2025-05-01,"May","2025","S08000022","NHS Highland",20842,17764,3078,85.2,14.8,17764,3078
2025-05-01,"May","2025","S08000024","NHS Lothian",52766,38444,14322,72.9,27.1,38444,14322
2025-05-01,"May","2025","S08000025","NHS Orkney",1484,1442,42,97.2,2.8,1442,42
2025-05-01,"May","2025","S08000026","NHS Shetland",1410,1210,200,85.8,14.2,1210,200
2025-05-01,"May","2025","S08000028","NHS Western Isles",1668,1644,24,98.6,1.4,1644,24
2025-05-01,"May","2025","S08000029","NHS Fife",18208,14572,3636,80,20,14572,3636
2025-05-01,"May","2025","S08000030","NHS Tayside",18292,16166,2126,88.4,11.6,16166,2126
2025-05-01,"May","2025","S08000031","NHS Greater Glasgow and Clyde",74636,54386,20250,72.9,27.1,54386,20250
2025-05-01,"May","2025","S08000032","NHS Lanarkshire",35304,19566,15738,55.4,44.6,19566,15738
2025-06-01,"Jun","2025","S08000015","NHS Ayrshire and Arran",17928,11794,6134,65.8,34.2,11794,6134
2025-06-01,"Jun","2025","S08000016","NHS Borders",5962,3746,2216,62.8,37.2,3746,2216
2025-06-01,"Jun","2025","S08000017","NHS Dumfries and Galloway",9444,7852,1592,83.1,16.9,7852,1592
2025-06-01,"Jun","2025","S08000019","NHS Forth Valley",14556,8938,5618,61.4,38.6,8938,5618
2025-06-01,"Jun","2025","S08000020","NHS Grampian",22860,15140,7720,66.2,33.8,15140,7720
2025-06-01,"Jun","2025","S08000022","NHS Highland",19518,16082,3436,82.4,17.6,16082,3436
2025-06-01,"Jun","2025","S08000024","NHS Lothian",49668,36838,12830,74.2,25.8,36838,12830
2025-06-01,"Jun","2025","S08000025","NHS Orkney",1494,1446,48,96.8,3.2,1446,48
2025-06-01,"Jun","2025","S08000026","NHS Shetland",1466,1198,268,81.7,18.3,1198,268
2025-06-01,"Jun","2025","S08000028","NHS Western Isles",1508,1448,60,96,4,1448,60
2025-06-01,"Jun","2025","S08000029","NHS Fife",17316,12984,4332,75,25,12984,4332
2025-06-01,"Jun","2025","S08000030","NHS Tayside",17026,14994,2032,88.1,11.9,14994,2032
2025-06-01,"Jun","2025","S08000031","NHS Greater Glasgow and Clyde",69912,49236,20676,70.4,29.6,49236,20676
2025-06-01,"Jun","2025","S08000032","NHS Lanarkshire",33360,18006,15354,54,46,18006,15354
2025-07-01,"Jul","2025","S08000015","NHS Ayrshire and Arran",17970,11444,6526,63.7,36.3,11444,6526
2025-07-01,"Jul","2025","S08000016","NHS Borders",6062,3928,2134,64.8,35.2,3928,2134
2025-07-01,"Jul","2025","S08000017","NHS Dumfries and Galloway",9776,7996,1780,81.8,18.2,7996,1780
2025-07-01,"Jul","2025","S08000019","NHS Forth Valley",14080,8796,5284,62.5,37.5,8796,5284
2025-07-01,"Jul","2025","S08000020","NHS Grampian",23134,14860,8274,64.2,35.8,14860,8274
2025-07-01,"Jul","2025","S08000022","NHS Highland",20426,16810,3616,82.3,17.7,16810,3616
2025-07-01,"Jul","2025","S08000024","NHS Lothian",48854,36402,12452,74.5,25.5,36402,12452
2025-07-01,"Jul","2025","S08000025","NHS Orkney",1708,1630,78,95.4,4.6,1630,78
2025-07-01,"Jul","2025","S08000026","NHS Shetland",1506,1310,196,87,13,1310,196
2025-07-01,"Jul","2025","S08000028","NHS Western Isles",1780,1706,74,95.8,4.2,1706,74
2025-07-01,"Jul","2025","S08000029","NHS Fife",16644,12352,4292,74.2,25.8,12352,4292
2025-07-01,"Jul","2025","S08000030","NHS Tayside",17200,15302,1898,89,11,15302,1898
2025-07-01,"Jul","2025","S08000031","NHS Greater Glasgow and Clyde",69370,48904,20466,70.5,29.5,48904,20466
2025-07-01,"Jul","2025","S08000032","NHS Lanarkshire",33366,19162,14204,57.4,42.6,19162,14204
2025-08-01,"Aug","2025","S08000015","NHS Ayrshire and Arran",18714,12390,6324,66.2,33.8,12390,6324
2025-08-01,"Aug","2025","S08000016","NHS Borders",6252,3916,2336,62.6,37.4,3916,2336
2025-08-01,"Aug","2025","S08000017","NHS Dumfries and Galloway",10232,8054,2178,78.7,21.3,8054,2178
2025-08-01,"Aug","2025","S08000019","NHS Forth Valley",15064,9182,5882,61,39,9182,5882
2025-08-01,"Aug","2025","S08000020","NHS Grampian",23110,14284,8826,61.8,38.2,14284,8826
2025-08-01,"Aug","2025","S08000022","NHS Highland",20270,16066,4204,79.3,20.7,16066,4204
2025-08-01,"Aug","2025","S08000024","NHS Lothian",52686,36232,16454,68.8,31.2,36232,16454
2025-08-01,"Aug","2025","S08000025","NHS Orkney",1506,1382,124,91.8,8.2,1382,124
2025-08-01,"Aug","2025","S08000026","NHS Shetland",1640,1396,244,85.1,14.9,1396,244
2025-08-01,"Aug","2025","S08000028","NHS Western Isles",1862,1738,124,93.3,6.7,1738,124
2025-08-01,"Aug","2025","S08000029","NHS Fife",17094,12008,5086,70.2,29.8,12008,5086
2025-08-01,"Aug","2025","S08000030","NHS Tayside",17818,15394,2424,86.4,13.6,15394,2424
2025-08-01,"Aug","2025","S08000031","NHS Greater Glasgow and Clyde",72894,51424,21470,70.5,29.5,51424,21470
2025-08-01,"Aug","2025","S08000032","NHS Lanarkshire",34608,18784,15824,54.3,45.7,18784,15824
